960 963 0.00328177
964 961 0.00372147
960 965 -0.00372147
962 961 -0.00328177
962 965 0.00359671
964 963 -0.00359671
960 965 -0.00372147
964 961 0.00372147
962 961 -0.00328177
960 963 0.00328177
964 963 -0.00359671
962 965 0.00359671
960 967 -0.00339558
968 961 -0.0038211
960 969 0.0038211
966 961 0.00339558
966 969 0.00382107
968 967 -0.00382107
960 969 0.0038211
968 961 -0.0038211
966 961 0.00339558
960 967 -0.00339558
968 967 -0.00382107
966 969 0.00382107
970 967 -0.00328175
972 971 0.0035967
970 973 -0.0035967
966 971 0.00328175
966 973 -0.00372143
972 967 0.00372143
970 973 -0.0035967
972 971 0.0035967
966 971 0.00328175
970 967 -0.00328175
972 967 0.00372143
966 973 -0.00372143
974 977 0.00317179
968 975 -0.00369303
974 969 0.00369303
976 975 -0.00317179
976 969 -0.00369301
968 977 0.00369301
974 969 0.00369303
968 975 -0.00369303
976 975 -0.00317179
974 977 0.00317179
968 977 0.00369301
976 969 -0.00369301
1074 1077 0.00423567
972 1075 -0.00423568
1074 973 0.00423568
1076 1075 -0.00423567
1076 973 -0.00407857
972 1077 0.00407857
1074 973 0.00423568
972 1075 -0.00423568
1076 1075 -0.00423567
1074 1077 0.00423567
972 1077 0.00407857
1076 973 -0.00407857
1074 1079 -0.00439882
1080 1075 -0.00439883
1074 1081 0.00439883
1078 1075 0.00439882
1078 1081 0.00439881
1080 1079 -0.00439881
1074 1081 0.00439883
1080 1075 -0.00439883
1078 1075 0.00439882
1074 1079 -0.00439882
1080 1079 -0.00439881
1078 1081 0.00439881
1082 1079 -0.00423567
964 1083 -0.0040786
1082 965 0.0040786
1078 1083 0.00423567
1078 965 0.00423567
964 1079 -0.00423567
1082 965 0.0040786
964 1083 -0.0040786
1078 1083 0.00423567
1082 1079 -0.00423567
964 1079 -0.00423567
1078 965 0.00423567
1084 1087 0.00407856
1080 1085 -0.00423568
1084 1081 0.00423568
1086 1085 -0.00407856
1086 1081 -0.00423566
1080 1087 0.00423566
1084 1081 0.00423568
1080 1085 -0.00423568
1086 1085 -0.00407856
1084 1087 0.00407856
1080 1087 0.00423566
1086 1081 -0.00423566
1088 1091 0.00369301
1092 1089 0.00369303
1088 1093 -0.00369303
1090 1089 -0.00369301
1090 1093 0.00317179
1092 1091 -0.00317179
1088 1093 -0.00369303
1092 1089 0.00369303
1090 1089 -0.00369301
1088 1091 0.00369301
1092 1091 -0.00317179
1090 1093 0.00317179
1088 1095 -0.00382107
1096 1089 -0.0038211
1088 1097 0.0038211
1094 1089 0.00382107
1094 1097 0.00339559
1096 1095 -0.00339559
1088 1097 0.0038211
1096 1089 -0.0038211
1094 1089 0.00382107
1088 1095 -0.00382107
1096 1095 -0.00339559
1094 1097 0.00339559
1084 1095 0.00372144
1098 1085 -0.00359671
1084 1099 0.00359671
1094 1085 -0.00372144
1094 1099 -0.00328176
1098 1095 0.00328176
1084 1099 0.00359671
1098 1085 -0.00359671
1094 1085 -0.00372144
1084 1095 0.00372144
1098 1095 0.00328176
1094 1099 -0.00328176
1082 1101 -0.00359672
1096 1083 0.00372147
1082 1097 -0.00372147
1100 1083 0.00359672
1100 1097 -0.00328178
1096 1101 0.00328178
1082 1097 -0.00372147
1096 1083 0.00372147
1100 1083 0.00359672
1082 1101 -0.00359672
1096 1101 0.00328178
1100 1097 -0.00328178
1102 1087 -0.0037214
1104 1103 0.00328172
1102 1105 -0.00328172
1086 1103 0.0037214
1086 1105 -0.00359667
1104 1087 0.00359667
1102 1105 -0.00328172
1104 1103 0.00328172
1086 1103 0.0037214
1102 1087 -0.0037214
1104 1087 0.00359667
1086 1105 -0.00359667
1102 1107 -0.00382102
1108 1103 -0.00339552
1102 1109 0.00339552
1106 1103 0.00382102
1106 1109 0.00382101
1108 1107 -0.00382101
1102 1109 0.00339552
1108 1103 -0.00339552
1106 1103 0.00382102
1102 1107 -0.00382102
1108 1107 -0.00382101
1106 1109 0.00382101
1462 1107 -0.00369295
1464 1463 0.00317173
1462 1465 -0.00317173
1106 1463 0.00369295
1106 1465 -0.00369295
1464 1107 0.00369295
1462 1465 -0.00317173
1464 1463 0.00317173
1106 1463 0.00369295
1462 1107 -0.00369295
1464 1107 0.00369295
1106 1465 -0.00369295
978 1077 -0.00359667
1108 979 -0.00328171
978 1109 0.00328171
1076 979 0.00359667
1076 1109 0.0037214
1108 1077 -0.0037214
978 1109 0.00328171
1108 979 -0.00328171
1076 979 0.00359667
978 1077 -0.00359667
1108 1077 -0.0037214
1076 1109 0.0037214
980 983 0.00359667
984 981 0.00372146
980 985 -0.00372146
982 981 -0.00359667
982 985 0.00328174
984 983 -0.00328174
980 985 -0.00372146
984 981 0.00372146
982 981 -0.00359667
980 983 0.00359667
984 983 -0.00328174
982 985 0.00328174
986 989 0.00382105
984 987 -0.0038211
986 985 0.0038211
988 987 -0.00382105
988 985 -0.00339556
984 989 0.00339556
986 985 0.0038211
984 987 -0.0038211
988 987 -0.00382105
986 989 0.00382105
984 989 0.00339556
988 985 -0.00339556
990 989 -0.0037214
970 991 -0.00359669
990 971 0.00359669
988 991 0.0037214
988 971 0.00328173
970 989 -0.00328173
990 971 0.00359669
970 991 -0.00359669
988 991 0.0037214
990 989 -0.0037214
970 989 -0.00328173
988 971 0.00328173
986 993 -0.00369298
974 987 0.00369303
986 975 -0.00369303
992 987 0.00369298
992 975 -0.00317177
974 993 0.00317177
986 975 -0.00369303
974 987 0.00369303
992 987 0.00369298
986 993 -0.00369298
974 993 0.00317177
992 975 -0.00317177
990 995 -0.00407851
996 991 -0.00423565
990 997 0.00423565
994 991 0.00407851
994 997 0.0042356
996 995 -0.0042356
990 997 0.00423565
996 991 -0.00423565
994 991 0.00407851
990 995 -0.00407851
996 995 -0.0042356
994 997 0.0042356
998 1001 0.00439876
996 999 -0.0043988
998 997 0.0043988
1000 999 -0.00439876
1000 997 -0.00439876
996 1001 0.00439876
998 997 0.0043988
996 999 -0.0043988
1000 999 -0.00439876
998 1001 0.00439876
996 1001 0.00439876
1000 997 -0.00439876
980 1001 0.00423562
1002 981 -0.00407858
980 1003 0.00407858
1000 981 -0.00423562
1000 1003 -0.00423562
1002 1001 0.00423562
980 1003 0.00407858
1002 981 -0.00407858
1000 981 -0.00423562
980 1001 0.00423562
1002 1001 0.00423562
1000 1003 -0.00423562
998 1467 -0.0042356
1468 999 -0.00423565
998 1469 0.00423565
1466 999 0.0042356
1466 1469 0.00407851
1468 1467 -0.00407851
998 1469 0.00423565
1468 999 -0.00423565
1466 999 0.0042356
998 1467 -0.0042356
1468 1467 -0.00407851
1466 1469 0.00407851
1470 1473 0.00317177
1474 1471 0.00369303
1470 1475 -0.00369303
1472 1471 -0.00317177
1472 1475 0.00369298
1474 1473 -0.00369298
1470 1475 -0.00369303
1474 1471 0.00369303
1472 1471 -0.00317177
1470 1473 0.00317177
1474 1473 -0.00369298
1472 1475 0.00369298
1004 1477 0.00339556
1474 1005 -0.0038211
1004 1475 0.0038211
1476 1005 -0.00339556
1476 1475 -0.00382105
1474 1477 0.00382105
1004 1475 0.0038211
1474 1005 -0.0038211
1476 1005 -0.00339556
1004 1477 0.00339556
1474 1477 0.00382105
1476 1475 -0.00382105
1478 1477 -0.00328173
1468 1479 -0.00359669
1478 1469 0.00359669
1476 1479 0.00328173
1476 1469 0.0037214
1468 1477 -0.0037214
1478 1469 0.00359669
1468 1479 -0.00359669
1476 1479 0.00328173
1478 1477 -0.00328173
1468 1477 -0.0037214
1476 1469 0.0037214
1004 1007 -0.00328174
1002 1005 0.00372146
1004 1003 -0.00372146
1006 1005 0.00328174
1006 1003 -0.00359667
1002 1007 0.00359667
1004 1003 -0.00372146
1002 1005 0.00372146
1006 1005 0.00328174
1004 1007 -0.00328174
1002 1007 0.00359667
1006 1003 -0.00359667
1480 1467 -0.00359663
1482 1481 0.00328172
1480 1483 -0.00328172
1466 1481 0.00359663
1466 1483 -0.00372136
1482 1467 0.00372136
1480 1483 -0.00328172
1482 1481 0.00328172
1466 1481 0.00359663
1480 1467 -0.00359663
1482 1467 0.00372136
1466 1483 -0.00372136
1008 1485 0.00382098
1482 1009 -0.00339553
1008 1483 0.00339553
1484 1009 -0.00382098
1484 1483 -0.00382098
1482 1485 0.00382098
1008 1483 0.00339553
1482 1009 -0.00339553
1484 1009 -0.00382098
1008 1485 0.00382098
1482 1485 0.00382098
1484 1483 -0.00382098
1486 1485 -0.00369292
1462 1487 -0.00317174
1486 1463 0.00317174
1484 1487 0.00369292
1484 1463 0.00369292
1462 1485 -0.00369292
1486 1463 0.00317174
1462 1487 -0.00317174
1484 1487 0.00369292
1486 1485 -0.00369292
1462 1485 -0.00369292
1484 1463 0.00369292
1008 995 0.00372136
978 1009 0.00328172
1008 979 -0.00328172
994 1009 -0.00372136
994 979 0.00359663
978 995 -0.00359663
1008 979 -0.00328172
978 1009 0.00328172
994 1009 -0.00372136
1008 995 0.00372136
978 995 -0.00359663
994 979 0.00359663
1110 1601 0.0032818
1602 1111 0.00372149
1110 1603 -0.00372149
1600 1111 -0.0032818
1600 1603 0.00359675
1602 1601 -0.00359675
1110 1603 -0.00372149
1602 1111 0.00372149
1600 1111 -0.0032818
1110 1601 0.0032818
1602 1601 -0.00359675
1600 1603 0.00359675
1110 1113 -0.00339564
1114 1111 -0.00382114
1110 1115 0.00382114
1112 1111 0.00339564
1112 1115 0.00382117
1114 1113 -0.00382117
1110 1115 0.00382114
1114 1111 -0.00382114
1112 1111 0.00339564
1110 1113 -0.00339564
1114 1113 -0.00382117
1112 1115 0.00382117
1098 1113 0.0032818
1116 1099 -0.00359673
1098 1117 0.00359673
1112 1099 -0.0032818
1112 1117 -0.00372152
1116 1113 0.00372152
1098 1117 0.00359673
1116 1099 -0.00359673
1112 1099 -0.0032818
1098 1113 0.0032818
1116 1113 0.00372152
1112 1117 -0.00372152
1092 1119 -0.00317182
1114 1093 0.00369306
1092 1115 -0.00369306
1118 1093 0.00317182
1118 1115 -0.00369309
1114 1119 0.00369309
1092 1115 -0.00369306
1114 1093 0.00369306
1118 1093 0.00317182
1092 1119 -0.00317182
1114 1119 0.00369309
1118 1115 -0.00369309
1120 1123 0.00423566
1116 1121 -0.00423569
1120 1117 0.00423569
1122 1121 -0.00423566
1122 1117 -0.00407861
1116 1123 0.00407861
1120 1117 0.00423569
1116 1121 -0.00423569
1122 1121 -0.00423566
1120 1123 0.00423566
1116 1123 0.00407861
1122 1117 -0.00407861
1120 1605 -0.00439881
1606 1121 -0.00439885
1120 1607 0.00439885
1604 1121 0.00439881
1604 1607 0.00439886
1606 1605 -0.00439886
1120 1607 0.00439885
1606 1121 -0.00439885
1604 1121 0.00439881
1120 1605 -0.00439881
1606 1605 -0.00439886
1604 1607 0.00439886
1608 1605 -0.00423566
1602 1609 -0.00407859
1608 1603 0.00407859
1604 1609 0.00423566
1604 1603 0.00423571
1602 1605 -0.00423571
1608 1603 0.00407859
1602 1609 -0.00407859
1604 1609 0.00423566
1608 1605 -0.00423566
1602 1605 -0.00423571
1604 1603 0.00423571
1610 1613 0.00407859
1606 1611 -0.00423571
1610 1607 0.00423571
1612 1611 -0.00407859
1612 1607 -0.00423573
1606 1613 0.00423573
1610 1607 0.00423571
1606 1611 -0.00423571
1612 1611 -0.00407859
1610 1613 0.00407859
1606 1613 0.00423573
1612 1607 -0.00423573
1614 1617 0.00369298
1618 1615 0.00369299
1614 1619 -0.00369299
1616 1615 -0.00369298
1616 1619 0.00317178
1618 1617 -0.00317178
1614 1619 -0.00369299
1618 1615 0.00369299
1616 1615 -0.00369298
1614 1617 0.00369298
1618 1617 -0.00317178
1616 1619 0.00317178
1614 1621 -0.00382106
1622 1615 -0.00382107
1614 1623 0.00382107
1620 1615 0.00382106
1620 1623 0.0033956
1622 1621 -0.0033956
1614 1623 0.00382107
1622 1615 -0.00382107
1620 1615 0.00382106
1614 1621 -0.00382106
1622 1621 -0.0033956
1620 1623 0.0033956
1610 1621 0.00372145
1624 1611 -0.00359672
1610 1625 0.00359672
1620 1611 -0.00372145
1620 1625 -0.00328179
1624 1621 0.00328179
1610 1625 0.00359672
1624 1611 -0.00359672
1620 1611 -0.00372145
1610 1621 0.00372145
1624 1621 0.00328179
1620 1625 -0.00328179
1608 1627 -0.00359671
1622 1609 0.00372144
1608 1623 -0.00372144
1626 1609 0.00359671
1626 1623 -0.00328179
1622 1627 0.00328179
1608 1623 -0.00372144
1622 1609 0.00372144
1626 1609 0.00359671
1608 1627 -0.00359671
1622 1627 0.00328179
1626 1623 -0.00328179
1628 1613 -0.00372143
1630 1629 0.00328175
1628 1631 -0.00328175
1612 1629 0.00372143
1612 1631 -0.00359673
1630 1613 0.00359673
1628 1631 -0.00328175
1630 1629 0.00328175
1612 1629 0.00372143
1628 1613 -0.00372143
1630 1613 0.00359673
1612 1631 -0.00359673
1628 1633 -0.00382104
1124 1629 -0.00339556
1628 1125 0.00339556
1632 1629 0.00382104
1632 1125 0.00382107
1124 1633 -0.00382107
1628 1125 0.00339556
1124 1629 -0.00339556
1632 1629 0.00382104
1628 1633 -0.00382104
1124 1633 -0.00382107
1632 1125 0.00382107
1464 1633 0.00369297
1634 1465 -0.00317176
1464 1635 0.00317176
1632 1465 -0.00369297
1632 1635 -0.003693
1634 1633 0.003693
1464 1635 0.00317176
1634 1465 -0.00317176
1632 1465 -0.00369297
1464 1633 0.00369297
1634 1633 0.003693
1632 1635 -0.003693
1104 1123 0.00359668
1124 1105 0.00328174
1104 1125 -0.00328174
1122 1105 -0.00359668
1122 1125 0.00372144
1124 1123 -0.00372144
1104 1125 -0.00328174
1124 1105 0.00328174
1122 1105 -0.00359668
1104 1123 0.00359668
1124 1123 -0.00372144
1122 1125 0.00372144
1636 1639 0.00328179
1640 1637 0.00372144
1636 1641 -0.00372144
1638 1637 -0.00328179
1638 1641 0.00359671
1640 1639 -0.00359671
1636 1641 -0.00372144
1640 1637 0.00372144
1638 1637 -0.00328179
1636 1639 0.00328179
1640 1639 -0.00359671
1638 1641 0.00359671
1636 1643 -0.0033956
1644 1637 -0.00382107
1636 1645 0.00382107
1642 1637 0.0033956
1642 1645 0.00382106
1644 1643 -0.00382106
1636 1645 0.00382107
1644 1637 -0.00382107
1642 1637 0.0033956
1636 1643 -0.0033956
1644 1643 -0.00382106
1642 1645 0.00382106
1624 1643 0.00328179
1646 1625 -0.00359672
1624 1647 0.00359672
1642 1625 -0.00328179
1642 1647 -0.00372145
1646 1643 0.00372145
1624 1647 0.00359672
1646 1625 -0.00359672
1642 1625 -0.00328179
1624 1643 0.00328179
1646 1643 0.00372145
1642 1647 -0.00372145
1618 1649 -0.00317178
1644 1619 0.00369299
1618 1645 -0.00369299
1648 1619 0.00317178
1648 1645 -0.00369298
1644 1649 0.00369298
1618 1645 -0.00369299
1644 1619 0.00369299
1648 1619 0.00317178
1618 1649 -0.00317178
1644 1649 0.00369298
1648 1645 -0.00369298
1650 1653 0.00423573
1646 1651 -0.00423571
1650 1647 0.00423571
1652 1651 -0.00423573
1652 1647 -0.00407859
1646 1653 0.00407859
1650 1647 0.00423571
1646 1651 -0.00423571
1652 1651 -0.00423573
1650 1653 0.00423573
1646 1653 0.00407859
1652 1647 -0.00407859
1650 1655 -0.00439886
1656 1651 -0.00439885
1650 1657 0.00439885
1654 1651 0.00439886
1654 1657 0.00439881
1656 1655 -0.00439881
1650 1657 0.00439885
1656 1651 -0.00439885
1654 1651 0.00439886
1650 1655 -0.00439886
1656 1655 -0.00439881
1654 1657 0.00439881
1658 1655 -0.00423571
1640 1659 -0.00407859
1658 1641 0.00407859
1654 1659 0.00423571
1654 1641 0.00423566
1640 1655 -0.00423566
1658 1641 0.00407859
1640 1659 -0.00407859
1654 1659 0.00423571
1658 1655 -0.00423571
1640 1655 -0.00423566
1654 1641 0.00423566
1660 1663 0.00407861
1656 1661 -0.00423569
1660 1657 0.00423569
1662 1661 -0.00407861
1662 1657 -0.00423566
1656 1663 0.00423566
1660 1657 0.00423569
1656 1661 -0.00423569
1662 1661 -0.00407861
1660 1663 0.00407861
1656 1663 0.00423566
1662 1657 -0.00423566
1664 1667 0.00369309
1488 1665 0.00369306
1664 1489 -0.00369306
1666 1665 -0.00369309
1666 1489 0.00317182
1488 1667 -0.00317182
1664 1489 -0.00369306
1488 1665 0.00369306
1666 1665 -0.00369309
1664 1667 0.00369309
1488 1667 -0.00317182
1666 1489 0.00317182
1664 1669 -0.00382117
1670 1665 -0.00382114
1664 1671 0.00382114
1668 1665 0.00382117
1668 1671 0.00339564
1670 1669 -0.00339564
1664 1671 0.00382114
1670 1665 -0.00382114
1668 1665 0.00382117
1664 1669 -0.00382117
1670 1669 -0.00339564
1668 1671 0.00339564
1660 1669 0.00372152
1490 1661 -0.00359673
1660 1491 0.00359673
1668 1661 -0.00372152
1668 1491 -0.0032818
1490 1669 0.0032818
1660 1491 0.00359673
1490 1661 -0.00359673
1668 1661 -0.00372152
1660 1669 0.00372152
1490 1669 0.0032818
1668 1491 -0.0032818
1658 1673 -0.00359675
1670 1659 0.00372149
1658 1671 -0.00372149
1672 1659 0.00359675
1672 1671 -0.0032818
1670 1673 0.0032818
1658 1671 -0.00372149
1670 1659 0.00372149
1672 1659 0.00359675
1658 1673 -0.00359675
1670 1673 0.0032818
1672 1671 -0.0032818
1674 1663 -0.00372144
1492 1675 0.00328174
1674 1493 -0.00328174
1662 1675 0.00372144
1662 1493 -0.00359668
1492 1663 0.00359668
1674 1493 -0.00328174
1492 1675 0.00328174
1662 1675 0.00372144
1674 1663 -0.00372144
1492 1663 0.00359668
1662 1493 -0.00359668
1674 1677 -0.00382107
1678 1675 -0.00339556
1674 1679 0.00339556
1676 1675 0.00382107
1676 1679 0.00382104
1678 1677 -0.00382104
1674 1679 0.00339556
1678 1675 -0.00339556
1676 1675 0.00382107
1674 1677 -0.00382107
1678 1677 -0.00382104
1676 1679 0.00382104
1634 1677 0.003693
1494 1635 -0.00317176
1634 1495 0.00317176
1676 1635 -0.003693
1676 1495 -0.00369297
1494 1677 0.00369297
1634 1495 0.00317176
1494 1635 -0.00317176
1676 1635 -0.003693
1634 1677 0.003693
1494 1677 0.00369297
1676 1495 -0.00369297
1630 1653 0.00359673
1678 1631 0.00328175
1630 1679 -0.00328175
1652 1631 -0.00359673
1652 1679 0.00372143
1678 1653 -0.00372143
1630 1679 -0.00328175
1678 1631 0.00328175
1652 1631 -0.00359673
1630 1653 0.00359673
1678 1653 -0.00372143
1652 1679 0.00372143
1496 1499 0.00328178
1500 1497 0.00372147
1496 1501 -0.00372147
1498 1497 -0.00328178
1498 1501 0.00359672
1500 1499 -0.00359672
1496 1501 -0.00372147
1500 1497 0.00372147
1498 1497 -0.00328178
1496 1499 0.00328178
1500 1499 -0.00359672
1498 1501 0.00359672
1496 1503 -0.00339559
1504 1497 -0.0038211
1496 1505 0.0038211
1502 1497 0.00339559
1502 1505 0.00382107
1504 1503 -0.00382107
1496 1505 0.0038211
1504 1497 -0.0038211
1502 1497 0.00339559
1496 1503 -0.00339559
1504 1503 -0.00382107
1502 1505 0.00382107
1490 1503 0.00328176
1506 1491 -0.00359671
1490 1507 0.00359671
1502 1491 -0.00328176
1502 1507 -0.00372144
1506 1503 0.00372144
1490 1507 0.00359671
1506 1491 -0.00359671
1502 1491 -0.00328176
1490 1503 0.00328176
1506 1503 0.00372144
1502 1507 -0.00372144
1488 1509 -0.00317179
1504 1489 0.00369303
1488 1505 -0.00369303
1508 1489 0.00317179
1508 1505 -0.00369301
1504 1509 0.00369301
1488 1505 -0.00369303
1504 1489 0.00369303
1508 1489 0.00317179
1488 1509 -0.00317179
1504 1509 0.00369301
1508 1505 -0.00369301
1510 1513 0.00423564
1506 1511 -0.00423567
1510 1507 0.00423567
1512 1511 -0.00423564
1512 1507 -0.00407856
1506 1513 0.00407856
1510 1507 0.00423567
1506 1511 -0.00423567
1512 1511 -0.00423564
1510 1513 0.00423564
1506 1513 0.00407856
1512 1507 -0.00407856
1510 1515 -0.0043988
1516 1511 -0.00439881
1510 1517 0.00439881
1514 1511 0.0043988
1514 1517 0.00439881
1516 1515 -0.00439881
1510 1517 0.00439881
1516 1511 -0.00439881
1514 1511 0.0043988
1510 1515 -0.0043988
1516 1515 -0.00439881
1514 1517 0.00439881
1518 1515 -0.00423567
1500 1519 -0.0040786
1518 1501 0.0040786
1514 1519 0.00423567
1514 1501 0.00423567
1500 1515 -0.00423567
1518 1501 0.0040786
1500 1519 -0.0040786
1514 1519 0.00423567
1518 1515 -0.00423567
1500 1515 -0.00423567
1514 1501 0.00423567
1520 1523 0.00407857
1516 1521 -0.00423568
1520 1517 0.00423568
1522 1521 -0.00407857
1522 1517 -0.00423567
1516 1523 0.00423567
1520 1517 0.00423568
1516 1521 -0.00423568
1522 1521 -0.00407857
1520 1523 0.00407857
1516 1523 0.00423567
1522 1517 -0.00423567
1524 1527 0.00369301
1470 1525 -0.00369303
1524 1471 0.00369303
1526 1525 -0.00369301
1526 1471 -0.00317179
1470 1527 0.00317179
1524 1471 0.00369303
1470 1525 -0.00369303
1526 1525 -0.00369301
1524 1527 0.00369301
1470 1527 0.00317179
1526 1471 -0.00317179
1524 1529 -0.00382107
1530 1525 -0.0038211
1524 1531 0.0038211
1528 1525 0.00382107
1528 1531 0.00339558
1530 1529 -0.00339558
1524 1531 0.0038211
1530 1525 -0.0038211
1528 1525 0.00382107
1524 1529 -0.00382107
1530 1529 -0.00339558
1528 1531 0.00339558
1520 1529 0.00372143
1478 1521 0.0035967
1520 1479 -0.0035967
1528 1521 -0.00372143
1528 1479 0.00328175
1478 1529 -0.00328175
1520 1479 -0.0035967
1478 1521 0.0035967
1528 1521 -0.00372143
1520 1529 0.00372143
1478 1529 -0.00328175
1528 1479 0.00328175
1518 1533 -0.00359671
1530 1519 0.00372147
1518 1531 -0.00372147
1532 1519 0.00359671
1532 1531 -0.00328177
1530 1533 0.00328177
1518 1531 -0.00372147
1530 1519 0.00372147
1532 1519 0.00359671
1518 1533 -0.00359671
1530 1533 0.00328177
1532 1531 -0.00328177
1534 1523 -0.00372141
1480 1535 -0.00328173
1534 1481 0.00328173
1522 1535 0.00372141
1522 1481 0.00359667
1480 1523 -0.00359667
1534 1481 0.00328173
1480 1535 -0.00328173
1522 1535 0.00372141
1534 1523 -0.00372141
1480 1523 -0.00359667
1522 1481 0.00359667
1534 1537 -0.00382103
1538 1535 -0.00339554
1534 1539 0.00339554
1536 1535 0.00382103
1536 1539 0.00382103
1538 1537 -0.00382103
1534 1539 0.00339554
1538 1535 -0.00339554
1536 1535 0.00382103
1534 1537 -0.00382103
1538 1537 -0.00382103
1536 1539 0.00382103
1494 1537 0.00369295
1486 1495 0.00317173
1494 1487 -0.00317173
1536 1495 -0.00369295
1536 1487 0.00369295
1486 1537 -0.00369295
1494 1487 -0.00317173
1486 1495 0.00317173
1536 1495 -0.00369295
1494 1537 0.00369295
1486 1537 -0.00369295
1536 1487 0.00369295
1492 1513 0.00359667
1538 1493 0.00328173
1492 1539 -0.00328173
1512 1493 -0.00359667
1512 1539 0.0037214
1538 1513 -0.0037214
1492 1539 -0.00328173
1538 1493 0.00328173
1512 1493 -0.00359667
1492 1513 0.00359667
1538 1513 -0.0037214
1512 1539 0.0037214
1010 1013 0.00359677
1014 1011 0.00372145
1010 1015 -0.00372145
1012 1011 -0.00359677
1012 1015 0.00328176
1014 1013 -0.00328176
1010 1015 -0.00372145
1014 1011 0.00372145
1012 1011 -0.00359677
1010 1013 0.00359677
1014 1013 -0.00328176
1012 1015 0.00328176
1016 1019 0.00382116
1014 1017 -0.00382109
1016 1015 0.00382109
1018 1017 -0.00382116
1018 1015 -0.00339558
1014 1019 0.00339558
1016 1015 0.00382109
1014 1017 -0.00382109
1018 1017 -0.00382116
1016 1019 0.00382116
1014 1019 0.00339558
1018 1015 -0.00339558
1020 1019 -0.00372152
982 1021 -0.0035967
1020 983 0.0035967
1018 1021 0.00372152
1018 983 0.00328176
982 1019 -0.00328176
1020 983 0.0035967
982 1021 -0.0035967
1018 1021 0.00372152
1020 1019 -0.00372152
982 1019 -0.00328176
1018 983 0.00328176
1016 1023 -0.0036931
992 1017 0.00369302
1016 993 -0.00369302
1022 1017 0.0036931
1022 993 -0.00317179
992 1023 0.00317179
1016 993 -0.00369302
992 1017 0.00369302
1022 1017 0.0036931
1016 1023 -0.0036931
992 1023 0.00317179
1022 993 -0.00317179
1020 1025 -0.00407866
1026 1021 -0.00423569
1020 1027 0.00423569
1024 1021 0.00407866
1024 1027 0.00423569
1026 1025 -0.00423569
1020 1027 0.00423569
1026 1021 -0.00423569
1024 1021 0.00407866
1020 1025 -0.00407866
1026 1025 -0.00423569
1024 1027 0.00423569
1028 1031 0.00439891
1026 1029 -0.00439884
1028 1027 0.00439884
1030 1029 -0.00439891
1030 1027 -0.00439884
1026 1031 0.00439884
1028 1027 0.00439884
1026 1029 -0.00439884
1030 1029 -0.00439891
1028 1031 0.00439891
1026 1031 0.00439884
1030 1027 -0.00439884
1010 1031 0.00423576
1032 1011 -0.00407859
1010 1033 0.00407859
1030 1011 -0.00423576
1030 1033 -0.00423568
1032 1031 0.00423568
1010 1033 0.00407859
1032 1011 -0.00407859
1030 1011 -0.00423576
1010 1031 0.00423576
1032 1031 0.00423568
1030 1033 -0.00423568
1028 1035 -0.00423576
1036 1029 -0.00423568
1028 1037 0.00423568
1034 1029 0.00423576
1034 1037 0.00407859
1036 1035 -0.00407859
1028 1037 0.00423568
1036 1029 -0.00423568
1034 1029 0.00423576
1028 1035 -0.00423576
1036 1035 -0.00407859
1034 1037 0.00407859
1176 1179 0.0031718
1180 1177 0.00369298
1176 1181 -0.00369298
1178 1177 -0.0031718
1178 1181 0.00369298
1180 1179 -0.00369298
1176 1181 -0.00369298
1180 1177 0.00369298
1178 1177 -0.0031718
1176 1179 0.0031718
1180 1179 -0.00369298
1178 1181 0.00369298
1182 1185 0.0033956
1180 1183 -0.00382105
1182 1181 0.00382105
1184 1183 -0.0033956
1184 1181 -0.00382105
1180 1185 0.00382105
1182 1181 0.00382105
1180 1183 -0.00382105
1184 1183 -0.0033956
1182 1185 0.0033956
1180 1185 0.00382105
1184 1181 -0.00382105
1250 1185 -0.00328179
1036 1251 -0.00359669
1250 1037 0.00359669
1184 1251 0.00328179
1184 1037 0.00372143
1036 1185 -0.00372143
1250 1037 0.00359669
1036 1251 -0.00359669
1184 1251 0.00328179
1250 1185 -0.00328179
1036 1185 -0.00372143
1184 1037 0.00372143
1182 1187 -0.00328179
1032 1183 0.00372143
1182 1033 -0.00372143
1186 1183 0.00328179
1186 1033 -0.00359669
1032 1187 0.00359669
1182 1033 -0.00372143
1032 1183 0.00372143
1186 1183 0.00328179
1182 1187 -0.00328179
1032 1187 0.00359669
1186 1033 -0.00359669
1038 1035 -0.00359677
1040 1039 0.00328176
1038 1041 -0.00328176
1034 1039 0.00359677
1034 1041 -0.00372145
1040 1035 0.00372145
1038 1041 -0.00328176
1040 1039 0.00328176
1034 1039 0.00359677
1038 1035 -0.00359677
1040 1035 0.00372145
1034 1041 -0.00372145
1042 1045 0.00382116
1040 1043 -0.00339558
1042 1041 0.00339558
1044 1043 -0.00382116
1044 1041 -0.00382109
1040 1045 0.00382109
1042 1041 0.00339558
1040 1043 -0.00339558
1044 1043 -0.00382116
1042 1045 0.00382116
1040 1045 0.00382109
1044 1041 -0.00382109
1540 1045 -0.0036931
1472 1541 -0.00317179
1540 1473 0.00317179
1044 1541 0.0036931
1044 1473 0.00369302
1472 1045 -0.00369302
1540 1473 0.00317179
1472 1541 -0.00317179
1044 1541 0.0036931
1540 1045 -0.0036931
1472 1045 -0.00369302
1044 1473 0.00369302
1042 1025 0.00372152
1006 1043 0.00328176
1042 1007 -0.00328176
1024 1043 -0.00372152
1024 1007 0.0035967
1006 1025 -0.0035967
1042 1007 -0.00328176
1006 1043 0.00328176
1024 1043 -0.00372152
1042 1025 0.00372152
1006 1025 -0.0035967
1024 1007 0.0035967
1126 1129 0.00359679
1130 1127 0.00372153
1126 1131 -0.00372153
1128 1127 -0.00359679
1128 1131 0.00328179
1130 1129 -0.00328179
1126 1131 -0.00372153
1130 1127 0.00372153
1128 1127 -0.00359679
1126 1129 0.00359679
1130 1129 -0.00328179
1128 1131 0.00328179
1132 1135 0.0038212
1130 1133 -0.00382117
1132 1131 0.00382117
1134 1133 -0.0038212
1134 1131 -0.00339563
1130 1135 0.00339563
1132 1131 0.00382117
1130 1133 -0.00382117
1134 1133 -0.0038212
1132 1135 0.0038212
1130 1135 0.00339563
1134 1131 -0.00339563
1136 1135 -0.00372156
1100 1137 -0.00359678
1136 1101 0.00359678
1134 1137 0.00372156
1134 1101 0.0032818
1100 1135 -0.0032818
1136 1101 0.00359678
1100 1137 -0.00359678
1134 1137 0.00372156
1136 1135 -0.00372156
1100 1135 -0.0032818
1134 1101 0.0032818
1132 1139 -0.00369313
1090 1133 0.00369309
1132 1091 -0.00369309
1138 1133 0.00369313
1138 1091 -0.00317181
1090 1139 0.00317181
1132 1091 -0.00369309
1090 1133 0.00369309
1138 1133 0.00369313
1132 1139 -0.00369313
1090 1139 0.00317181
1138 1091 -0.00317181
1136 1047 -0.00407871
1140 1137 -0.00423579
1136 1141 0.00423579
1046 1137 0.00407871
1046 1141 0.00423575
1140 1047 -0.00423575
1136 1141 0.00423579
1140 1137 -0.00423579
1046 1137 0.00407871
1136 1047 -0.00407871
1140 1047 -0.00423575
1046 1141 0.00423575
1142 1145 0.00439896
1140 1143 -0.00439894
1142 1141 0.00439894
1144 1143 -0.00439896
1144 1141 -0.0043989
1140 1145 0.0043989
1142 1141 0.00439894
1140 1143 -0.00439894
1144 1143 -0.00439896
1142 1145 0.00439896
1140 1145 0.0043989
1144 1141 -0.0043989
1126 1145 0.00423581
1146 1127 -0.00407869
1126 1147 0.00407869
1144 1127 -0.00423581
1144 1147 -0.00423575
1146 1145 0.00423575
1126 1147 0.00407869
1146 1127 -0.00407869
1144 1127 -0.00423581
1126 1145 0.00423581
1146 1145 0.00423575
1144 1147 -0.00423575
1142 1049 -0.00423581
1148 1143 -0.00423579
1142 1149 0.00423579
1048 1143 0.00423581
1048 1149 0.00407866
1148 1049 -0.00407866
1142 1149 0.00423579
1148 1143 -0.00423579
1048 1143 0.00423581
1142 1049 -0.00423581
1148 1049 -0.00407866
1048 1149 0.00407866
1310 1313 0.00317187
1314 1311 0.00369311
1310 1315 -0.00369311
1312 1311 -0.00317187
1312 1315 0.00369308
1314 1313 -0.00369308
1310 1315 -0.00369311
1314 1311 0.00369311
1312 1311 -0.00317187
1310 1313 0.00317187
1314 1313 -0.00369308
1312 1315 0.00369308
1316 1189 0.00339568
1314 1317 -0.00382118
1316 1315 0.00382118
1188 1317 -0.00339568
1188 1315 -0.00382116
1314 1189 0.00382116
1316 1315 0.00382118
1314 1317 -0.00382118
1188 1317 -0.00339568
1316 1189 0.00339568
1314 1189 0.00382116
1188 1315 -0.00382116
1190 1189 -0.00328186
1148 1191 -0.00359679
1190 1149 0.00359679
1188 1191 0.00328186
1188 1149 0.00372151
1148 1189 -0.00372151
1190 1149 0.00359679
1148 1191 -0.00359679
1188 1191 0.00328186
1190 1189 -0.00328186
1148 1189 -0.00372151
1188 1149 0.00372151
1316 1319 -0.00328184
1146 1317 0.00372153
1316 1147 -0.00372153
1318 1317 0.00328184
1318 1147 -0.00359674
1146 1319 0.00359674
1316 1147 -0.00372153
1146 1317 0.00372153
1318 1317 0.00328184
1316 1319 -0.00328184
1146 1319 0.00359674
1318 1147 -0.00359674
1050 1049 -0.00359681
1052 1051 0.00328181
1050 1053 -0.00328181
1048 1051 0.00359681
1048 1053 -0.00372149
1052 1049 0.00372149
1050 1053 -0.00328181
1052 1051 0.00328181
1048 1051 0.00359681
1050 1049 -0.00359681
1052 1049 0.00372149
1048 1053 -0.00372149
1054 1057 0.00382118
1052 1055 -0.00339563
1054 1053 0.00339563
1056 1055 -0.00382118
1056 1053 -0.00382111
1052 1057 0.00382111
1054 1053 0.00339563
1052 1055 -0.00339563
1056 1055 -0.00382118
1054 1057 0.00382118
1052 1057 0.00382111
1056 1053 -0.00382111
1058 1057 -0.00369311
976 1059 -0.00317183
1058 977 0.00317183
1056 1059 0.00369311
1056 977 0.00369305
976 1057 -0.00369305
1058 977 0.00317183
976 1059 -0.00317183
1056 1059 0.00369311
1058 1057 -0.00369311
976 1057 -0.00369305
1056 977 0.00369305
1054 1047 0.00372155
962 1055 0.00328181
1054 963 -0.00328181
1046 1055 -0.00372155
1046 963 0.00359674
962 1047 -0.00359674
1054 963 -0.00328181
962 1055 0.00328181
1046 1055 -0.00372155
1054 1047 0.00372155
962 1047 -0.00359674
1046 963 0.00359674
1680 1683 0.00359677
1684 1681 0.00372151
1680 1685 -0.00372151
1682 1681 -0.00359677
1682 1685 0.00328179
1684 1683 -0.00328179
1680 1685 -0.00372151
1684 1681 0.00372151
1682 1681 -0.00359677
1680 1683 0.00359677
1684 1683 -0.00328179
1682 1685 0.00328179
1686 1689 0.00382113
1684 1687 -0.00382113
1686 1685 0.00382113
1688 1687 -0.00382113
1688 1685 -0.0033956
1684 1689 0.0033956
1686 1685 0.00382113
1684 1687 -0.00382113
1688 1687 -0.00382113
1686 1689 0.00382113
1684 1689 0.0033956
1688 1685 -0.0033956
1690 1689 -0.00372152
1626 1691 -0.00359678
1690 1627 0.00359678
1688 1691 0.00372152
1688 1627 0.00328179
1626 1689 -0.00328179
1690 1627 0.00359678
1626 1691 -0.00359678
1688 1691 0.00372152
1690 1689 -0.00372152
1626 1689 -0.00328179
1688 1627 0.00328179
1686 1693 -0.00369306
1616 1687 0.00369304
1686 1617 -0.00369304
1692 1687 0.00369306
1692 1617 -0.00317178
1616 1693 0.00317178
1686 1617 -0.00369304
1616 1687 0.00369304
1692 1687 0.00369306
1686 1693 -0.00369306
1616 1693 0.00317178
1692 1617 -0.00317178
1690 1695 -0.0040787
1696 1691 -0.0042358
1690 1697 0.0042358
1694 1691 0.0040787
1694 1697 0.00423579
1696 1695 -0.00423579
1690 1697 0.0042358
1696 1691 -0.0042358
1694 1691 0.0040787
1690 1695 -0.0040787
1696 1695 -0.00423579
1694 1697 0.00423579
1150 1699 0.00439895
1696 1151 -0.00439895
1150 1697 0.00439895
1698 1151 -0.00439895
1698 1697 -0.00439894
1696 1699 0.00439894
1150 1697 0.00439895
1696 1151 -0.00439895
1698 1151 -0.00439895
1150 1699 0.00439895
1696 1699 0.00439894
1698 1697 -0.00439894
1680 1699 0.0042358
1700 1681 -0.00407869
1680 1701 0.00407869
1698 1681 -0.0042358
1698 1701 -0.00423578
1700 1699 0.00423578
1680 1701 0.00407869
1700 1681 -0.00407869
1698 1681 -0.0042358
1680 1699 0.0042358
1700 1699 0.00423578
1698 1701 -0.00423578
1150 1153 -0.0042358
1154 1151 -0.00423579
1150 1155 0.00423579
1152 1151 0.0042358
1152 1155 0.00407868
1154 1153 -0.00407868
1150 1155 0.00423579
1154 1151 -0.00423579
1152 1151 0.0042358
1150 1153 -0.0042358
1154 1153 -0.00407868
1152 1155 0.00407868
1320 1323 0.00317188
1324 1321 0.00369313
1320 1325 -0.00369313
1322 1321 -0.00317188
1322 1325 0.00369311
1324 1323 -0.00369311
1320 1325 -0.00369313
1324 1321 0.00369313
1322 1321 -0.00317188
1320 1323 0.00317188
1324 1323 -0.00369311
1322 1325 0.00369311
1326 1329 0.00339569
1324 1327 -0.0038212
1326 1325 0.0038212
1328 1327 -0.00339569
1328 1325 -0.00382119
1324 1329 0.00382119
1326 1325 0.0038212
1324 1327 -0.0038212
1328 1327 -0.00339569
1326 1329 0.00339569
1324 1329 0.00382119
1328 1325 -0.00382119
1330 1329 -0.00328187
1154 1331 -0.0035968
1330 1155 0.0035968
1328 1331 0.00328187
1328 1155 0.00372154
1154 1329 -0.00372154
1330 1155 0.0035968
1154 1331 -0.0035968
1328 1331 0.00328187
1330 1329 -0.00328187
1154 1329 -0.00372154
1328 1155 0.00372154
1326 1747 -0.00328185
1700 1327 0.00372155
1326 1701 -0.00372155
1746 1327 0.00328185
1746 1701 -0.00359677
1700 1747 0.00359677
1326 1701 -0.00372155
1700 1327 0.00372155
1746 1327 0.00328185
1326 1747 -0.00328185
1700 1747 0.00359677
1746 1701 -0.00359677
1156 1153 -0.00359682
1158 1157 0.00328185
1156 1159 -0.00328185
1152 1157 0.00359682
1152 1159 -0.00372153
1158 1153 0.00372153
1156 1159 -0.00328185
1158 1157 0.00328185
1152 1157 0.00359682
1156 1153 -0.00359682
1158 1153 0.00372153
1152 1159 -0.00372153
1160 1163 0.0038212
1158 1161 -0.00339567
1160 1159 0.00339567
1162 1161 -0.0038212
1162 1159 -0.00382117
1158 1163 0.00382117
1160 1159 0.00339567
1158 1161 -0.00339567
1162 1161 -0.0038212
1160 1163 0.0038212
1158 1163 0.00382117
1162 1159 -0.00382117
1164 1163 -0.00369313
1118 1165 -0.00317187
1164 1119 0.00317187
1162 1165 0.00369313
1162 1119 0.0036931
1118 1163 -0.0036931
1164 1119 0.00317187
1118 1165 -0.00317187
1162 1165 0.00369313
1164 1163 -0.00369313
1118 1163 -0.0036931
1162 1119 0.0036931
1160 1695 0.00372157
1600 1161 0.00328184
1160 1601 -0.00328184
1694 1161 -0.00372157
1694 1601 0.00359678
1600 1695 -0.00359678
1160 1601 -0.00328184
1600 1161 0.00328184
1694 1161 -0.00372157
1160 1695 0.00372157
1600 1695 -0.00359678
1694 1601 0.00359678
1702 1543 0.00359682
1704 1703 0.00372153
1702 1705 -0.00372153
1542 1703 -0.00359682
1542 1705 0.00328185
1704 1543 -0.00328185
1702 1705 -0.00372153
1704 1703 0.00372153
1542 1703 -0.00359682
1702 1543 0.00359682
1704 1543 -0.00328185
1542 1705 0.00328185
1706 1709 0.0038212
1704 1707 -0.00382117
1706 1705 0.00382117
1708 1707 -0.0038212
1708 1705 -0.00339567
1704 1709 0.00339567
1706 1705 0.00382117
1704 1707 -0.00382117
1708 1707 -0.0038212
1706 1709 0.0038212
1704 1709 0.00339567
1708 1705 -0.00339567
1710 1709 -0.00372157
1672 1711 -0.00359678
1710 1673 0.00359678
1708 1711 0.00372157
1708 1673 0.00328184
1672 1709 -0.00328184
1710 1673 0.00359678
1672 1711 -0.00359678
1708 1711 0.00372157
1710 1709 -0.00372157
1672 1709 -0.00328184
1708 1673 0.00328184
1706 1545 -0.00369313
1666 1707 0.0036931
1706 1667 -0.0036931
1544 1707 0.00369313
1544 1667 -0.00317187
1666 1545 0.00317187
1706 1667 -0.0036931
1666 1707 0.0036931
1544 1707 0.00369313
1706 1545 -0.00369313
1666 1545 0.00317187
1544 1667 -0.00317187
1710 1713 -0.0040787
1714 1711 -0.00423579
1710 1715 0.00423579
1712 1711 0.0040787
1712 1715 0.0042358
1714 1713 -0.0042358
1710 1715 0.00423579
1714 1711 -0.00423579
1712 1711 0.0040787
1710 1713 -0.0040787
1714 1713 -0.0042358
1712 1715 0.0042358
1716 1719 0.00439895
1714 1717 -0.00439894
1716 1715 0.00439894
1718 1717 -0.00439895
1718 1715 -0.00439895
1714 1719 0.00439895
1716 1715 0.00439894
1714 1717 -0.00439894
1718 1717 -0.00439895
1716 1719 0.00439895
1714 1719 0.00439895
1718 1715 -0.00439895
1702 1719 0.0042358
1720 1703 -0.00407868
1702 1721 0.00407868
1718 1703 -0.0042358
1718 1721 -0.00423579
1720 1719 0.00423579
1702 1721 0.00407868
1720 1703 -0.00407868
1718 1703 -0.0042358
1702 1719 0.0042358
1720 1719 0.00423579
1718 1721 -0.00423579
1716 1723 -0.0042358
1724 1717 -0.00423578
1716 1725 0.00423578
1722 1717 0.0042358
1722 1725 0.00407869
1724 1723 -0.00407869
1716 1725 0.00423578
1724 1717 -0.00423578
1722 1717 0.0042358
1716 1723 -0.0042358
1724 1723 -0.00407869
1722 1725 0.00407869
1748 1751 0.00317188
1752 1749 0.00369311
1748 1753 -0.00369311
1750 1749 -0.00317188
1750 1753 0.00369313
1752 1751 -0.00369313
1748 1753 -0.00369311
1752 1749 0.00369311
1750 1749 -0.00317188
1748 1751 0.00317188
1752 1751 -0.00369313
1750 1753 0.00369313
1754 1757 0.00339569
1752 1755 -0.00382119
1754 1753 0.00382119
1756 1755 -0.00339569
1756 1753 -0.0038212
1752 1757 0.0038212
1754 1753 0.00382119
1752 1755 -0.00382119
1756 1755 -0.00339569
1754 1757 0.00339569
1752 1757 0.0038212
1756 1753 -0.0038212
1758 1757 -0.00328185
1724 1759 -0.00359677
1758 1725 0.00359677
1756 1759 0.00328185
1756 1725 0.00372155
1724 1757 -0.00372155
1758 1725 0.00359677
1724 1759 -0.00359677
1756 1759 0.00328185
1758 1757 -0.00328185
1724 1757 -0.00372155
1756 1725 0.00372155
1754 1761 -0.00328187
1720 1755 0.00372154
1754 1721 -0.00372154
1760 1755 0.00328187
1760 1721 -0.0035968
1720 1761 0.0035968
1754 1721 -0.00372154
1720 1755 0.00372154
1760 1755 0.00328187
1754 1761 -0.00328187
1720 1761 0.0035968
1760 1721 -0.0035968
1726 1723 -0.00359677
1728 1727 0.00328179
1726 1729 -0.00328179
1722 1727 0.00359677
1722 1729 -0.00372151
1728 1723 0.00372151
1726 1729 -0.00328179
1728 1727 0.00328179
1722 1727 0.00359677
1726 1723 -0.00359677
1728 1723 0.00372151
1722 1729 -0.00372151
1730 1733 0.00382113
1728 1731 -0.0033956
1730 1729 0.0033956
1732 1731 -0.00382113
1732 1729 -0.00382113
1728 1733 0.00382113
1730 1729 0.0033956
1728 1731 -0.0033956
1732 1731 -0.00382113
1730 1733 0.00382113
1728 1733 0.00382113
1732 1729 -0.00382113
1734 1733 -0.00369306
1648 1735 -0.00317178
1734 1649 0.00317178
1732 1735 0.00369306
1732 1649 0.00369304
1648 1733 -0.00369304
1734 1649 0.00317178
1648 1735 -0.00317178
1732 1735 0.00369306
1734 1733 -0.00369306
1648 1733 -0.00369304
1732 1649 0.00369304
1730 1713 0.00372152
1638 1731 0.00328179
1730 1639 -0.00328179
1712 1731 -0.00372152
1712 1639 0.00359678
1638 1713 -0.00359678
1730 1639 -0.00328179
1638 1731 0.00328179
1712 1731 -0.00372152
1730 1713 0.00372152
1638 1713 -0.00359678
1712 1639 0.00359678
1546 1549 0.00359681
1550 1547 0.00372149
1546 1551 -0.00372149
1548 1547 -0.00359681
1548 1551 0.00328181
1550 1549 -0.00328181
1546 1551 -0.00372149
1550 1547 0.00372149
1548 1547 -0.00359681
1546 1549 0.00359681
1550 1549 -0.00328181
1548 1551 0.00328181
1552 1555 0.00382118
1550 1553 -0.00382111
1552 1551 0.00382111
1554 1553 -0.00382118
1554 1551 -0.00339563
1550 1555 0.00339563
1552 1551 0.00382111
1550 1553 -0.00382111
1554 1553 -0.00382118
1552 1555 0.00382118
1550 1555 0.00339563
1554 1551 -0.00339563
1556 1555 -0.00372155
1532 1557 -0.00359674
1556 1533 0.00359674
1554 1557 0.00372155
1554 1533 0.00328181
1532 1555 -0.00328181
1556 1533 0.00359674
1532 1557 -0.00359674
1554 1557 0.00372155
1556 1555 -0.00372155
1532 1555 -0.00328181
1554 1533 0.00328181
1552 1559 -0.00369311
1526 1553 0.00369305
1552 1527 -0.00369305
1558 1553 0.00369311
1558 1527 -0.00317183
1526 1559 0.00317183
1552 1527 -0.00369305
1526 1553 0.00369305
1558 1553 0.00369311
1552 1559 -0.00369311
1526 1559 0.00317183
1558 1527 -0.00317183
1556 1561 -0.00407871
1562 1557 -0.00423575
1556 1563 0.00423575
1560 1557 0.00407871
1560 1563 0.00423579
1562 1561 -0.00423579
1556 1563 0.00423575
1562 1557 -0.00423575
1560 1557 0.00407871
1556 1561 -0.00407871
1562 1561 -0.00423579
1560 1563 0.00423579
1564 1567 0.00439896
1562 1565 -0.0043989
1564 1563 0.0043989
1566 1565 -0.00439896
1566 1563 -0.00439894
1562 1567 0.00439894
1564 1563 0.0043989
1562 1565 -0.0043989
1566 1565 -0.00439896
1564 1567 0.00439896
1562 1567 0.00439894
1566 1563 -0.00439894
1546 1567 0.00423581
1568 1547 -0.00407866
1546 1569 0.00407866
1566 1547 -0.00423581
1566 1569 -0.00423579
1568 1567 0.00423579
1546 1569 0.00407866
1568 1547 -0.00407866
1566 1547 -0.00423581
1546 1567 0.00423581
1568 1567 0.00423579
1566 1569 -0.00423579
1564 1571 -0.00423581
1572 1565 -0.00423575
1564 1573 0.00423575
1570 1565 0.00423581
1570 1573 0.00407869
1572 1571 -0.00407869
1564 1573 0.00423575
1572 1565 -0.00423575
1570 1565 0.00423581
1564 1571 -0.00423581
1572 1571 -0.00407869
1570 1573 0.00407869
1828 1831 0.00317187
1832 1829 0.00369308
1828 1833 -0.00369308
1830 1829 -0.00317187
1830 1833 0.00369311
1832 1831 -0.00369311
1828 1833 -0.00369308
1832 1829 0.00369308
1830 1829 -0.00317187
1828 1831 0.00317187
1832 1831 -0.00369311
1830 1833 0.00369311
1834 1837 0.00339568
1832 1835 -0.00382116
1834 1833 0.00382116
1836 1835 -0.00339568
1836 1833 -0.00382118
1832 1837 0.00382118
1834 1833 0.00382116
1832 1835 -0.00382116
1836 1835 -0.00339568
1834 1837 0.00339568
1832 1837 0.00382118
1836 1833 -0.00382118
1838 1837 -0.00328184
1572 1839 -0.00359674
1838 1573 0.00359674
1836 1839 0.00328184
1836 1573 0.00372153
1572 1837 -0.00372153
1838 1573 0.00359674
1572 1839 -0.00359674
1836 1839 0.00328184
1838 1837 -0.00328184
1572 1837 -0.00372153
1836 1573 0.00372153
1834 1841 -0.00328186
1568 1835 0.00372151
1834 1569 -0.00372151
1840 1835 0.00328186
1840 1569 -0.00359679
1568 1841 0.00359679
1834 1569 -0.00372151
1568 1835 0.00372151
1840 1835 0.00328186
1834 1841 -0.00328186
1568 1841 0.00359679
1840 1569 -0.00359679
1574 1571 -0.00359679
1576 1575 0.00328179
1574 1577 -0.00328179
1570 1575 0.00359679
1570 1577 -0.00372153
1576 1571 0.00372153
1574 1577 -0.00328179
1576 1575 0.00328179
1570 1575 0.00359679
1574 1571 -0.00359679
1576 1571 0.00372153
1570 1577 -0.00372153
1578 1581 0.0038212
1576 1579 -0.00339563
1578 1577 0.00339563
1580 1579 -0.0038212
1580 1577 -0.00382117
1576 1581 0.00382117
1578 1577 0.00339563
1576 1579 -0.00339563
1580 1579 -0.0038212
1578 1581 0.0038212
1576 1581 0.00382117
1580 1577 -0.00382117
1582 1581 -0.00369313
1508 1583 -0.00317181
1582 1509 0.00317181
1580 1583 0.00369313
1580 1509 0.00369309
1508 1581 -0.00369309
1582 1509 0.00317181
1508 1583 -0.00317181
1580 1583 0.00369313
1582 1581 -0.00369313
1508 1581 -0.00369309
1580 1509 0.00369309
1578 1561 0.00372156
1498 1579 0.0032818
1578 1499 -0.0032818
1560 1579 -0.00372156
1560 1499 0.00359678
1498 1561 -0.00359678
1578 1499 -0.0032818
1498 1579 0.0032818
1560 1579 -0.00372156
1578 1561 0.00372156
1498 1561 -0.00359678
1560 1499 0.00359678
1192 1195 0.00328179
1196 1193 0.00372152
1192 1197 -0.00372152
1194 1193 -0.00328179
1194 1197 0.00359678
1196 1195 -0.00359678
1192 1197 -0.00372152
1196 1193 0.00372152
1194 1193 -0.00328179
1192 1195 0.00328179
1196 1195 -0.00359678
1194 1197 0.00359678
1192 1199 -0.0033956
1200 1193 -0.00382113
1192 1201 0.00382113
1198 1193 0.0033956
1198 1201 0.00382113
1200 1199 -0.00382113
1192 1201 0.00382113
1200 1193 -0.00382113
1198 1193 0.0033956
1192 1199 -0.0033956
1200 1199 -0.00382113
1198 1201 0.00382113
1186 1199 0.00328179
1202 1187 -0.00359677
1186 1203 0.00359677
1198 1187 -0.00328179
1198 1203 -0.00372151
1202 1199 0.00372151
1186 1203 0.00359677
1202 1187 -0.00359677
1198 1187 -0.00328179
1186 1199 0.00328179
1202 1199 0.00372151
1198 1203 -0.00372151
1178 1205 -0.00317178
1200 1179 0.00369306
1178 1201 -0.00369306
1204 1179 0.00317178
1204 1201 -0.00369304
1200 1205 0.00369304
1178 1201 -0.00369306
1200 1179 0.00369306
1204 1179 0.00317178
1178 1205 -0.00317178
1200 1205 0.00369304
1204 1201 -0.00369304
1206 1061 0.00423578
1202 1207 -0.0042358
1206 1203 0.0042358
1060 1207 -0.00423578
1060 1203 -0.00407869
1202 1061 0.00407869
1206 1203 0.0042358
1202 1207 -0.0042358
1060 1207 -0.00423578
1206 1061 0.00423578
1202 1061 0.00407869
1060 1203 -0.00407869
1206 1209 -0.00439894
1210 1207 -0.00439895
1206 1211 0.00439895
1208 1207 0.00439894
1208 1211 0.00439895
1210 1209 -0.00439895
1206 1211 0.00439895
1210 1207 -0.00439895
1208 1207 0.00439894
1206 1209 -0.00439894
1210 1209 -0.00439895
1208 1211 0.00439895
1212 1209 -0.00423579
1196 1213 -0.0040787
1212 1197 0.0040787
1208 1213 0.00423579
1208 1197 0.0042358
1196 1209 -0.0042358
1212 1197 0.0040787
1196 1213 -0.0040787
1208 1213 0.00423579
1212 1209 -0.00423579
1196 1209 -0.0042358
1208 1197 0.0042358
1214 1063 0.00407868
1210 1215 -0.0042358
1214 1211 0.0042358
1062 1215 -0.00407868
1062 1211 -0.00423579
1210 1063 0.00423579
1214 1211 0.0042358
1210 1215 -0.0042358
1062 1215 -0.00407868
1214 1063 0.00407868
1210 1063 0.00423579
1062 1211 -0.00423579
1216 1333 0.0036931
1310 1217 -0.00369313
1216 1311 0.00369313
1332 1217 -0.0036931
1332 1311 -0.00317187
1310 1333 0.00317187
1216 1311 0.00369313
1310 1217 -0.00369313
1332 1217 -0.0036931
1216 1333 0.0036931
1310 1333 0.00317187
1332 1311 -0.00317187
1216 1219 -0.00382117
1220 1217 -0.0038212
1216 1221 0.0038212
1218 1217 0.00382117
1218 1221 0.00339567
1220 1219 -0.00339567
1216 1221 0.0038212
1220 1217 -0.0038212
1218 1217 0.00382117
1216 1219 -0.00382117
1220 1219 -0.00339567
1218 1221 0.00339567
1214 1219 0.00372153
1190 1215 0.00359682
1214 1191 -0.00359682
1218 1215 -0.00372153
1218 1191 0.00328185
1190 1219 -0.00328185
1214 1191 -0.00359682
1190 1215 0.00359682
1218 1215 -0.00372153
1214 1219 0.00372153
1190 1219 -0.00328185
1218 1191 0.00328185
1212 1223 -0.00359678
1220 1213 0.00372157
1212 1221 -0.00372157
1222 1213 0.00359678
1222 1221 -0.00328184
1220 1223 0.00328184
1212 1221 -0.00372157
1220 1213 0.00372157
1222 1213 0.00359678
1212 1223 -0.00359678
1220 1223 0.00328184
1222 1221 -0.00328184
1064 1063 -0.00372154
1050 1065 -0.00328187
1064 1051 0.00328187
1062 1065 0.00372154
1062 1051 0.0035968
1050 1063 -0.0035968
1064 1051 0.00328187
1050 1065 -0.00328187
1062 1065 0.00372154
1064 1063 -0.00372154
1050 1063 -0.0035968
1062 1051 0.0035968
1064 1067 -0.00382119
1068 1065 -0.00339569
1064 1069 0.00339569
1066 1065 0.00382119
1066 1069 0.0038212
1068 1067 -0.0038212
1064 1069 0.00339569
1068 1065 -0.00339569
1066 1065 0.00382119
1064 1067 -0.00382119
1068 1067 -0.0038212
1066 1069 0.0038212
1022 1067 0.00369311
1058 1023 0.00317188
1022 1059 -0.00317188
1066 1023 -0.00369311
1066 1059 0.00369313
1058 1067 -0.00369313
1022 1059 -0.00317188
1058 1023 0.00317188
1066 1023 -0.00369311
1022 1067 0.00369311
1058 1067 -0.00369313
1066 1059 0.00369313
1012 1061 0.00359677
1068 1013 0.00328185
1012 1069 -0.00328185
1060 1013 -0.00359677
1060 1069 0.00372155
1068 1061 -0.00372155
1012 1069 -0.00328185
1068 1013 0.00328185
1060 1013 -0.00359677
1012 1061 0.00359677
1068 1061 -0.00372155
1060 1069 0.00372155
1334 1337 0.0032818
1338 1335 0.00372156
1334 1339 -0.00372156
1336 1335 -0.0032818
1336 1339 0.00359678
1338 1337 -0.00359678
1334 1339 -0.00372156
1338 1335 0.00372156
1336 1335 -0.0032818
1334 1337 0.0032818
1338 1337 -0.00359678
1336 1339 0.00359678
1334 1341 -0.00339563
1342 1335 -0.0038212
1334 1343 0.0038212
1340 1335 0.00339563
1340 1343 0.00382117
1342 1341 -0.00382117
1334 1343 0.0038212
1342 1335 -0.0038212
1340 1335 0.00339563
1334 1341 -0.00339563
1342 1341 -0.00382117
1340 1343 0.00382117
1318 1341 0.00328179
1344 1319 -0.00359679
1318 1345 0.00359679
1340 1319 -0.00328179
1340 1345 -0.00372153
1344 1341 0.00372153
1318 1345 0.00359679
1344 1319 -0.00359679
1340 1319 -0.00328179
1318 1341 0.00328179
1344 1341 0.00372153
1340 1345 -0.00372153
1312 1347 -0.00317181
1342 1313 0.00369313
1312 1343 -0.00369313
1346 1313 0.00317181
1346 1343 -0.00369309
1342 1347 0.00369309
1312 1343 -0.00369313
1342 1313 0.00369313
1346 1313 0.00317181
1312 1347 -0.00317181
1342 1347 0.00369309
1346 1343 -0.00369309
1348 1167 0.00423575
1344 1349 -0.00423581
1348 1345 0.00423581
1166 1349 -0.00423575
1166 1345 -0.00407869
1344 1167 0.00407869
1348 1345 0.00423581
1344 1349 -0.00423581
1166 1349 -0.00423575
1348 1167 0.00423575
1344 1167 0.00407869
1166 1345 -0.00407869
1348 1351 -0.0043989
1352 1349 -0.00439896
1348 1353 0.00439896
1350 1349 0.0043989
1350 1353 0.00439894
1352 1351 -0.00439894
1348 1353 0.00439896
1352 1349 -0.00439896
1350 1349 0.0043989
1348 1351 -0.0043989
1352 1351 -0.00439894
1350 1353 0.00439894
1354 1351 -0.00423575
1338 1355 -0.00407871
1354 1339 0.00407871
1350 1355 0.00423575
1350 1339 0.00423579
1338 1351 -0.00423579
1354 1339 0.00407871
1338 1355 -0.00407871
1350 1355 0.00423575
1354 1351 -0.00423575
1338 1351 -0.00423579
1350 1339 0.00423579
1356 1169 0.00407866
1352 1357 -0.00423581
1356 1353 0.00423581
1168 1357 -0.00407866
1168 1353 -0.00423579
1352 1169 0.00423579
1356 1353 0.00423581
1352 1357 -0.00423581
1168 1357 -0.00407866
1356 1169 0.00407866
1352 1169 0.00423579
1168 1353 -0.00423579
1358 1361 0.00369305
1320 1359 -0.00369311
1358 1321 0.00369311
1360 1359 -0.00369305
1360 1321 -0.00317183
1320 1361 0.00317183
1358 1321 0.00369311
1320 1359 -0.00369311
1360 1359 -0.00369305
1358 1361 0.00369305
1320 1361 0.00317183
1360 1321 -0.00317183
1358 1363 -0.00382111
1364 1359 -0.00382118
1358 1365 0.00382118
1362 1359 0.00382111
1362 1365 0.00339563
1364 1363 -0.00339563
1358 1365 0.00382118
1364 1359 -0.00382118
1362 1359 0.00382111
1358 1363 -0.00382111
1364 1363 -0.00339563
1362 1365 0.00339563
1356 1363 0.00372149
1330 1357 0.00359681
1356 1331 -0.00359681
1362 1357 -0.00372149
1362 1331 0.00328181
1330 1363 -0.00328181
1356 1331 -0.00359681
1330 1357 0.00359681
1362 1357 -0.00372149
1356 1363 0.00372149
1330 1363 -0.00328181
1362 1331 0.00328181
1354 1367 -0.00359674
1364 1355 0.00372155
1354 1365 -0.00372155
1366 1355 0.00359674
1366 1365 -0.00328181
1364 1367 0.00328181
1354 1365 -0.00372155
1364 1355 0.00372155
1366 1355 0.00359674
1354 1367 -0.00359674
1364 1367 0.00328181
1366 1365 -0.00328181
1170 1169 -0.00372151
1156 1171 -0.00328186
1170 1157 0.00328186
1168 1171 0.00372151
1168 1157 0.00359679
1156 1169 -0.00359679
1170 1157 0.00328186
1156 1171 -0.00328186
1168 1171 0.00372151
1170 1169 -0.00372151
1156 1169 -0.00359679
1168 1157 0.00359679
1170 1173 -0.00382116
1174 1171 -0.00339568
1170 1175 0.00339568
1172 1171 0.00382116
1172 1175 0.00382118
1174 1173 -0.00382118
1170 1175 0.00339568
1174 1171 -0.00339568
1172 1171 0.00382116
1170 1173 -0.00382116
1174 1173 -0.00382118
1172 1175 0.00382118
1138 1173 0.00369308
1164 1139 0.00317187
1138 1165 -0.00317187
1172 1139 -0.00369308
1172 1165 0.00369311
1164 1173 -0.00369311
1138 1165 -0.00317187
1164 1139 0.00317187
1172 1139 -0.00369308
1138 1173 0.00369308
1164 1173 -0.00369311
1172 1165 0.00369311
1128 1167 0.00359674
1174 1129 0.00328184
1128 1175 -0.00328184
1166 1129 -0.00359674
1166 1175 0.00372153
1174 1167 -0.00372153
1128 1175 -0.00328184
1174 1129 0.00328184
1166 1129 -0.00359674
1128 1167 0.00359674
1174 1167 -0.00372153
1166 1175 0.00372153
1762 1765 0.00328176
1766 1763 0.00372152
1762 1767 -0.00372152
1764 1763 -0.00328176
1764 1767 0.0035967
1766 1765 -0.0035967
1762 1767 -0.00372152
1766 1763 0.00372152
1764 1763 -0.00328176
1762 1765 0.00328176
1766 1765 -0.0035967
1764 1767 0.0035967
1762 1769 -0.00339558
1368 1763 -0.00382116
1762 1369 0.00382116
1768 1763 0.00339558
1768 1369 0.00382109
1368 1769 -0.00382109
1762 1369 0.00382116
1368 1763 -0.00382116
1768 1763 0.00339558
1762 1769 -0.00339558
1368 1769 -0.00382109
1768 1369 0.00382109
1746 1769 0.00328176
1770 1747 -0.00359677
1746 1771 0.00359677
1768 1747 -0.00328176
1768 1771 -0.00372145
1770 1769 0.00372145
1746 1771 0.00359677
1770 1747 -0.00359677
1768 1747 -0.00328176
1746 1769 0.00328176
1770 1769 0.00372145
1768 1771 -0.00372145
1322 1371 -0.00317179
1368 1323 0.0036931
1322 1369 -0.0036931
1370 1323 0.00317179
1370 1369 -0.00369302
1368 1371 0.00369302
1322 1369 -0.0036931
1368 1323 0.0036931
1370 1323 0.00317179
1322 1371 -0.00317179
1368 1371 0.00369302
1370 1369 -0.00369302
1772 1737 0.00423568
1770 1773 -0.00423576
1772 1771 0.00423576
1736 1773 -0.00423568
1736 1771 -0.00407859
1770 1737 0.00407859
1772 1771 0.00423576
1770 1773 -0.00423576
1736 1773 -0.00423568
1772 1737 0.00423568
1770 1737 0.00407859
1736 1771 -0.00407859
1772 1775 -0.00439884
1776 1773 -0.00439891
1772 1777 0.00439891
1774 1773 0.00439884
1774 1777 0.00439884
1776 1775 -0.00439884
1772 1777 0.00439891
1776 1773 -0.00439891
1774 1773 0.00439884
1772 1775 -0.00439884
1776 1775 -0.00439884
1774 1777 0.00439884
1778 1775 -0.00423569
1766 1779 -0.00407866
1778 1767 0.00407866
1774 1779 0.00423569
1774 1767 0.00423569
1766 1775 -0.00423569
1778 1767 0.00407866
1766 1779 -0.00407866
1774 1779 0.00423569
1778 1775 -0.00423569
1766 1775 -0.00423569
1774 1767 0.00423569
1780 1739 0.00407859
1776 1781 -0.00423576
1780 1777 0.00423576
1738 1781 -0.00407859
1738 1777 -0.00423568
1776 1739 0.00423568
1780 1777 0.00423576
1776 1781 -0.00423576
1738 1781 -0.00407859
1780 1739 0.00407859
1776 1739 0.00423568
1738 1777 -0.00423568
1782 1785 0.00369302
1748 1783 -0.0036931
1782 1749 0.0036931
1784 1783 -0.00369302
1784 1749 -0.00317179
1748 1785 0.00317179
1782 1749 0.0036931
1748 1783 -0.0036931
1784 1783 -0.00369302
1782 1785 0.00369302
1748 1785 0.00317179
1784 1749 -0.00317179
1782 1787 -0.00382109
1788 1783 -0.00382116
1782 1789 0.00382116
1786 1783 0.00382109
1786 1789 0.00339558
1788 1787 -0.00339558
1782 1789 0.00382116
1788 1783 -0.00382116
1786 1783 0.00382109
1782 1787 -0.00382109
1788 1787 -0.00339558
1786 1789 0.00339558
1780 1787 0.00372145
1758 1781 0.00359677
1780 1759 -0.00359677
1786 1781 -0.00372145
1786 1759 0.00328176
1758 1787 -0.00328176
1780 1759 -0.00359677
1758 1781 0.00359677
1786 1781 -0.00372145
1780 1787 0.00372145
1758 1787 -0.00328176
1786 1759 0.00328176
1778 1791 -0.0035967
1788 1779 0.00372152
1778 1789 -0.00372152
1790 1779 0.0035967
1790 1789 -0.00328176
1788 1791 0.00328176
1778 1789 -0.00372152
1788 1779 0.00372152
1790 1779 0.0035967
1778 1791 -0.0035967
1788 1791 0.00328176
1790 1789 -0.00328176
1740 1739 -0.00372143
1726 1741 -0.00328179
1740 1727 0.00328179
1738 1741 0.00372143
1738 1727 0.00359669
1726 1739 -0.00359669
1740 1727 0.00328179
1726 1741 -0.00328179
1738 1741 0.00372143
1740 1739 -0.00372143
1726 1739 -0.00359669
1738 1727 0.00359669
1740 1743 -0.00382105
1744 1741 -0.0033956
1740 1745 0.0033956
1742 1741 0.00382105
1742 1745 0.00382105
1744 1743 -0.00382105
1740 1745 0.0033956
1744 1741 -0.0033956
1742 1741 0.00382105
1740 1743 -0.00382105
1744 1743 -0.00382105
1742 1745 0.00382105
1692 1743 0.00369298
1734 1693 0.0031718
1692 1735 -0.0031718
1742 1693 -0.00369298
1742 1735 0.00369298
1734 1743 -0.00369298
1692 1735 -0.0031718
1734 1693 0.0031718
1742 1693 -0.00369298
1692 1743 0.00369298
1734 1743 -0.00369298
1742 1735 0.00369298
1682 1737 0.00359669
1744 1683 0.00328179
1682 1745 -0.00328179
1736 1683 -0.00359669
1736 1745 0.00372143
1744 1737 -0.00372143
1682 1745 -0.00328179
1744 1683 0.00328179
1736 1683 -0.00359669
1682 1737 0.00359669
1744 1737 -0.00372143
1736 1745 0.00372143
1792 1843 0.00328181
1844 1793 0.00372155
1792 1845 -0.00372155
1842 1793 -0.00328181
1842 1845 0.00359674
1844 1843 -0.00359674
1792 1845 -0.00372155
1844 1793 0.00372155
1842 1793 -0.00328181
1792 1843 0.00328181
1844 1843 -0.00359674
1842 1845 0.00359674
1792 1795 -0.00339563
1796 1793 -0.00382118
1792 1797 0.00382118
1794 1793 0.00339563
1794 1797 0.00382111
1796 1795 -0.00382111
1792 1797 0.00382118
1796 1793 -0.00382118
1794 1793 0.00339563
1792 1795 -0.00339563
1796 1795 -0.00382111
1794 1797 0.00382111
1760 1795 0.00328181
1798 1761 -0.00359681
1760 1799 0.00359681
1794 1761 -0.00328181
1794 1799 -0.00372149
1798 1795 0.00372149
1760 1799 0.00359681
1798 1761 -0.00359681
1794 1761 -0.00328181
1760 1795 0.00328181
1798 1795 0.00372149
1794 1799 -0.00372149
1750 1801 -0.00317183
1796 1751 0.00369311
1750 1797 -0.00369311
1800 1751 0.00317183
1800 1797 -0.00369305
1796 1801 0.00369305
1750 1797 -0.00369311
1796 1751 0.00369311
1800 1751 0.00317183
1750 1801 -0.00317183
1796 1801 0.00369305
1800 1797 -0.00369305
1846 1585 0.00423579
1798 1847 -0.00423581
1846 1799 0.00423581
1584 1847 -0.00423579
1584 1799 -0.00407866
1798 1585 0.00407866
1846 1799 0.00423581
1798 1847 -0.00423581
1584 1847 -0.00423579
1846 1585 0.00423579
1798 1585 0.00407866
1584 1799 -0.00407866
1846 1849 -0.00439894
1850 1847 -0.00439896
1846 1851 0.00439896
1848 1847 0.00439894
1848 1851 0.0043989
1850 1849 -0.0043989
1846 1851 0.00439896
1850 1847 -0.00439896
1848 1847 0.00439894
1846 1849 -0.00439894
1850 1849 -0.0043989
1848 1851 0.0043989
1852 1849 -0.00423579
1844 1853 -0.00407871
1852 1845 0.00407871
1848 1853 0.00423579
1848 1845 0.00423575
1844 1849 -0.00423575
1852 1845 0.00407871
1844 1853 -0.00407871
1848 1853 0.00423579
1852 1849 -0.00423579
1844 1849 -0.00423575
1848 1845 0.00423575
1854 1587 0.00407869
1850 1855 -0.00423581
1854 1851 0.00423581
1586 1855 -0.00407869
1586 1851 -0.00423575
1850 1587 0.00423575
1854 1851 0.00423581
1850 1855 -0.00423581
1586 1855 -0.00407869
1854 1587 0.00407869
1850 1587 0.00423575
1586 1851 -0.00423575
1856 1859 0.00369309
1828 1857 -0.00369313
1856 1829 0.00369313
1858 1857 -0.00369309
1858 1829 -0.00317181
1828 1859 0.00317181
1856 1829 0.00369313
1828 1857 -0.00369313
1858 1857 -0.00369309
1856 1859 0.00369309
1828 1859 0.00317181
1858 1829 -0.00317181
1856 1861 -0.00382117
1862 1857 -0.0038212
1856 1863 0.0038212
1860 1857 0.00382117
1860 1863 0.00339563
1862 1861 -0.00339563
1856 1863 0.0038212
1862 1857 -0.0038212
1860 1857 0.00382117
1856 1861 -0.00382117
1862 1861 -0.00339563
1860 1863 0.00339563
1854 1861 0.00372153
1838 1855 0.00359679
1854 1839 -0.00359679
1860 1855 -0.00372153
1860 1839 0.00328179
1838 1861 -0.00328179
1854 1839 -0.00359679
1838 1855 0.00359679
1860 1855 -0.00372153
1854 1861 0.00372153
1838 1861 -0.00328179
1860 1839 0.00328179
1852 1865 -0.00359678
1862 1853 0.00372156
1852 1863 -0.00372156
1864 1853 0.00359678
1864 1863 -0.0032818
1862 1865 0.0032818
1852 1863 -0.00372156
1862 1853 0.00372156
1864 1853 0.00359678
1852 1865 -0.00359678
1862 1865 0.0032818
1864 1863 -0.0032818
1588 1587 -0.00372153
1574 1589 -0.00328184
1588 1575 0.00328184
1586 1589 0.00372153
1586 1575 0.00359674
1574 1587 -0.00359674
1588 1575 0.00328184
1574 1589 -0.00328184
1586 1589 0.00372153
1588 1587 -0.00372153
1574 1587 -0.00359674
1586 1575 0.00359674
1588 1591 -0.00382118
1592 1589 -0.00339568
1588 1593 0.00339568
1590 1589 0.00382118
1590 1593 0.00382116
1592 1591 -0.00382116
1588 1593 0.00339568
1592 1589 -0.00339568
1590 1589 0.00382118
1588 1591 -0.00382118
1592 1591 -0.00382116
1590 1593 0.00382116
1544 1591 0.00369311
1582 1545 0.00317187
1544 1583 -0.00317187
1590 1545 -0.00369311
1590 1583 0.00369308
1582 1591 -0.00369308
1544 1583 -0.00317187
1582 1545 0.00317187
1590 1545 -0.00369311
1544 1591 0.00369311
1582 1591 -0.00369308
1590 1583 0.00369308
1542 1585 0.00359679
1592 1543 0.00328186
1542 1593 -0.00328186
1584 1543 -0.00359679
1584 1593 0.00372151
1592 1585 -0.00372151
1542 1593 -0.00328186
1592 1543 0.00328186
1584 1543 -0.00359679
1542 1585 0.00359679
1592 1585 -0.00372151
1584 1593 0.00372151
1252 1255 0.00328184
1256 1253 0.00372157
1252 1257 -0.00372157
1254 1253 -0.00328184
1254 1257 0.00359678
1256 1255 -0.00359678
1252 1257 -0.00372157
1256 1253 0.00372157
1254 1253 -0.00328184
1252 1255 0.00328184
1256 1255 -0.00359678
1254 1257 0.00359678
1252 1867 -0.00339567
1868 1253 -0.0038212
1252 1869 0.0038212
1866 1253 0.00339567
1866 1869 0.00382117
1868 1867 -0.00382117
1252 1869 0.0038212
1868 1253 -0.0038212
1866 1253 0.00339567
1252 1867 -0.00339567
1868 1867 -0.00382117
1866 1869 0.00382117
1840 1867 0.00328185
1870 1841 -0.00359682
1840 1871 0.00359682
1866 1841 -0.00328185
1866 1871 -0.00372153
1870 1867 0.00372153
1840 1871 0.00359682
1870 1841 -0.00359682
1866 1841 -0.00328185
1840 1867 0.00328185
1870 1867 0.00372153
1866 1871 -0.00372153
1830 1873 -0.00317187
1868 1831 0.00369313
1830 1869 -0.00369313
1872 1831 0.00317187
1872 1869 -0.0036931
1868 1873 0.0036931
1830 1869 -0.00369313
1868 1831 0.00369313
1872 1831 0.00317187
1830 1873 -0.00317187
1868 1873 0.0036931
1872 1869 -0.0036931
1258 1595 0.00423579
1870 1259 -0.0042358
1258 1871 0.0042358
1594 1259 -0.00423579
1594 1871 -0.00407868
1870 1595 0.00407868
1258 1871 0.0042358
1870 1259 -0.0042358
1594 1259 -0.00423579
1258 1595 0.00423579
1870 1595 0.00407868
1594 1871 -0.00407868
1258 1261 -0.00439895
1262 1259 -0.00439895
1258 1263 0.00439895
1260 1259 0.00439895
1260 1263 0.00439894
1262 1261 -0.00439894
1258 1263 0.00439895
1262 1259 -0.00439895
1260 1259 0.00439895
1258 1261 -0.00439895
1262 1261 -0.00439894
1260 1263 0.00439894
1264 1261 -0.0042358
1256 1265 -0.0040787
1264 1257 0.0040787
1260 1265 0.0042358
1260 1257 0.00423579
1256 1261 -0.00423579
1264 1257 0.0040787
1256 1265 -0.0040787
1260 1265 0.0042358
1264 1261 -0.0042358
1256 1261 -0.00423579
1260 1257 0.00423579
1266 1071 0.00407869
1262 1267 -0.0042358
1266 1263 0.0042358
1070 1267 -0.00407869
1070 1263 -0.00423578
1262 1071 0.00423578
1266 1263 0.0042358
1262 1267 -0.0042358
1070 1267 -0.00407869
1266 1071 0.00407869
1262 1071 0.00423578
1070 1263 -0.00423578
1268 1271 0.00369304
1176 1269 -0.00369306
1268 1177 0.00369306
1270 1269 -0.00369304
1270 1177 -0.00317178
1176 1271 0.00317178
1268 1177 0.00369306
1176 1269 -0.00369306
1270 1269 -0.00369304
1268 1271 0.00369304
1176 1271 0.00317178
1270 1177 -0.00317178
1268 1273 -0.00382113
1274 1269 -0.00382113
1268 1275 0.00382113
1272 1269 0.00382113
1272 1275 0.0033956
1274 1273 -0.0033956
1268 1275 0.00382113
1274 1269 -0.00382113
1272 1269 0.00382113
1268 1273 -0.00382113
1274 1273 -0.0033956
1272 1275 0.0033956
1266 1273 0.00372151
1250 1267 0.00359677
1266 1251 -0.00359677
1272 1267 -0.00372151
1272 1251 0.00328179
1250 1273 -0.00328179
1266 1251 -0.00359677
1250 1267 0.00359677
1272 1267 -0.00372151
1266 1273 0.00372151
1250 1273 -0.00328179
1272 1251 0.00328179
1264 1277 -0.00359678
1274 1265 0.00372152
1264 1275 -0.00372152
1276 1265 0.00359678
1276 1275 -0.00328179
1274 1277 0.00328179
1264 1275 -0.00372152
1274 1265 0.00372152
1276 1265 0.00359678
1264 1277 -0.00359678
1274 1277 0.00328179
1276 1275 -0.00328179
1072 1071 -0.00372155
1038 1073 -0.00328185
1072 1039 0.00328185
1070 1073 0.00372155
1070 1039 0.00359677
1038 1071 -0.00359677
1072 1039 0.00328185
1038 1073 -0.00328185
1070 1073 0.00372155
1072 1071 -0.00372155
1038 1071 -0.00359677
1070 1039 0.00359677
1072 1597 -0.0038212
1598 1073 -0.00339569
1072 1599 0.00339569
1596 1073 0.0038212
1596 1599 0.00382119
1598 1597 -0.00382119
1072 1599 0.00339569
1598 1073 -0.00339569
1596 1073 0.0038212
1072 1597 -0.0038212
1598 1597 -0.00382119
1596 1599 0.00382119
1558 1597 0.00369313
1540 1559 0.00317188
1558 1541 -0.00317188
1596 1559 -0.00369313
1596 1541 0.00369311
1540 1597 -0.00369311
1558 1541 -0.00317188
1540 1559 0.00317188
1596 1559 -0.00369313
1558 1597 0.00369313
1540 1597 -0.00369311
1596 1541 0.00369311
1548 1595 0.0035968
1598 1549 0.00328187
1548 1599 -0.00328187
1594 1549 -0.0035968
1594 1599 0.00372154
1598 1595 -0.00372154
1548 1599 -0.00328187
1598 1549 0.00328187
1594 1549 -0.0035968
1548 1595 0.0035968
1598 1595 -0.00372154
1594 1599 0.00372154
1394 1397 0.00359673
1398 1395 0.00372152
1394 1399 -0.00372152
1396 1395 -0.00359673
1396 1399 0.0032818
1398 1397 -0.0032818
1394 1399 -0.00372152
1398 1395 0.00372152
1396 1395 -0.00359673
1394 1397 0.00359673
1398 1397 -0.0032818
1396 1399 0.0032818
1400 1225 0.00382114
1398 1401 -0.00382117
1400 1399 0.00382117
1224 1401 -0.00382114
1224 1399 -0.00339564
1398 1225 0.00339564
1400 1399 0.00382117
1398 1401 -0.00382117
1224 1401 -0.00382114
1400 1225 0.00382114
1398 1225 0.00339564
1224 1399 -0.00339564
1226 1225 -0.00372149
1222 1227 -0.00359675
1226 1223 0.00359675
1224 1227 0.00372149
1224 1223 0.0032818
1222 1225 -0.0032818
1226 1223 0.00359675
1222 1227 -0.00359675
1224 1227 0.00372149
1226 1225 -0.00372149
1222 1225 -0.0032818
1224 1223 0.0032818
1400 1403 -0.00369306
1332 1401 0.00369309
1400 1333 -0.00369309
1402 1401 0.00369306
1402 1333 -0.00317182
1332 1403 0.00317182
1400 1333 -0.00369309
1332 1401 0.00369309
1402 1401 0.00369306
1400 1403 -0.00369306
1332 1403 0.00317182
1402 1333 -0.00317182
1226 1229 -0.00407859
1230 1227 -0.00423571
1226 1231 0.00423571
1228 1227 0.00407859
1228 1231 0.00423566
1230 1229 -0.00423566
1226 1231 0.00423571
1230 1227 -0.00423571
1228 1227 0.00407859
1226 1229 -0.00407859
1230 1229 -0.00423566
1228 1231 0.00423566
1232 1235 0.00439885
1230 1233 -0.00439886
1232 1231 0.00439886
1234 1233 -0.00439885
1234 1231 -0.00439881
1230 1235 0.00439881
1232 1231 0.00439886
1230 1233 -0.00439886
1234 1233 -0.00439885
1232 1235 0.00439885
1230 1235 0.00439881
1234 1231 -0.00439881
1394 1235 0.00423569
1404 1395 -0.00407861
1394 1405 0.00407861
1234 1395 -0.00423569
1234 1405 -0.00423566
1404 1235 0.00423566
1394 1405 0.00407861
1404 1395 -0.00407861
1234 1395 -0.00423569
1394 1235 0.00423569
1404 1235 0.00423566
1234 1405 -0.00423566
1232 1237 -0.00423571
1238 1233 -0.00423573
1232 1239 0.00423573
1236 1233 0.00423571
1236 1239 0.00407859
1238 1237 -0.00407859
1232 1239 0.00423573
1238 1233 -0.00423573
1236 1233 0.00423571
1232 1237 -0.00423571
1238 1237 -0.00407859
1236 1239 0.00407859
1406 1409 0.00317176
1410 1407 0.003693
1406 1411 -0.003693
1408 1407 -0.00317176
1408 1411 0.00369297
1410 1409 -0.00369297
1406 1411 -0.003693
1410 1407 0.003693
1408 1407 -0.00317176
1406 1409 0.00317176
1410 1409 -0.00369297
1408 1411 0.00369297
1412 1279 0.00339556
1410 1413 -0.00382107
1412 1411 0.00382107
1278 1413 -0.00339556
1278 1411 -0.00382104
1410 1279 0.00382104
1412 1411 0.00382107
1410 1413 -0.00382107
1278 1413 -0.00339556
1412 1279 0.00339556
1410 1279 0.00382104
1278 1411 -0.00382104
1280 1279 -0.00328175
1238 1281 -0.00359673
1280 1239 0.00359673
1278 1281 0.00328175
1278 1239 0.00372143
1238 1279 -0.00372143
1280 1239 0.00359673
1238 1281 -0.00359673
1278 1281 0.00328175
1280 1279 -0.00328175
1238 1279 -0.00372143
1278 1239 0.00372143
1412 1415 -0.00328174
1404 1413 0.00372144
1412 1405 -0.00372144
1414 1413 0.00328174
1414 1405 -0.00359668
1404 1415 0.00359668
1412 1405 -0.00372144
1404 1413 0.00372144
1414 1413 0.00328174
1412 1415 -0.00328174
1404 1415 0.00359668
1414 1405 -0.00359668
1240 1237 -0.00359672
1242 1241 0.00328179
1240 1243 -0.00328179
1236 1241 0.00359672
1236 1243 -0.00372145
1242 1237 0.00372145
1240 1243 -0.00328179
1242 1241 0.00328179
1236 1241 0.00359672
1240 1237 -0.00359672
1242 1237 0.00372145
1236 1243 -0.00372145
1244 1247 0.00382107
1242 1245 -0.0033956
1244 1243 0.0033956
1246 1245 -0.00382107
1246 1243 -0.00382106
1242 1247 0.00382106
1244 1243 0.0033956
1242 1245 -0.0033956
1246 1245 -0.00382107
1244 1247 0.00382107
1242 1247 0.00382106
1246 1243 -0.00382106
1248 1247 -0.00369299
1204 1249 -0.00317178
1248 1205 0.00317178
1246 1249 0.00369299
1246 1205 0.00369298
1204 1247 -0.00369298
1248 1205 0.00317178
1204 1249 -0.00317178
1246 1249 0.00369299
1248 1247 -0.00369299
1204 1247 -0.00369298
1246 1205 0.00369298
1244 1229 0.00372144
1194 1245 0.00328179
1244 1195 -0.00328179
1228 1245 -0.00372144
1228 1195 0.00359671
1194 1229 -0.00359671
1244 1195 -0.00328179
1194 1245 0.00328179
1228 1245 -0.00372144
1244 1229 0.00372144
1194 1229 -0.00359671
1228 1195 0.00359671
1372 1375 0.0035967
1376 1373 0.00372145
1372 1377 -0.00372145
1374 1373 -0.0035967
1374 1377 0.00328176
1376 1375 -0.00328176
1372 1377 -0.00372145
1376 1373 0.00372145
1374 1373 -0.0035967
1372 1375 0.0035967
1376 1375 -0.00328176
1374 1377 0.00328176
1378 1381 0.00382111
1376 1379 -0.00382108
1378 1377 0.00382108
1380 1379 -0.00382111
1380 1377 -0.0033956
1376 1381 0.0033956
1378 1377 0.00382108
1376 1379 -0.00382108
1380 1379 -0.00382111
1378 1381 0.00382111
1376 1381 0.0033956
1380 1377 -0.0033956
1382 1381 -0.00372147
1366 1383 -0.0035967
1382 1367 0.0035967
1380 1383 0.00372147
1380 1367 0.00328178
1366 1381 -0.00328178
1382 1367 0.0035967
1366 1383 -0.0035967
1380 1383 0.00372147
1382 1381 -0.00372147
1366 1381 -0.00328178
1380 1367 0.00328178
1378 1385 -0.00369303
1360 1379 0.00369301
1378 1361 -0.00369301
1384 1379 0.00369303
1384 1361 -0.00317179
1360 1385 0.00317179
1378 1361 -0.00369301
1360 1379 0.00369301
1384 1379 0.00369303
1378 1385 -0.00369303
1360 1385 0.00317179
1384 1361 -0.00317179
1382 1417 -0.0040786
1418 1383 -0.00423565
1382 1419 0.00423565
1416 1383 0.0040786
1416 1419 0.00423566
1418 1417 -0.00423566
1382 1419 0.00423565
1418 1383 -0.00423565
1416 1383 0.0040786
1382 1417 -0.0040786
1418 1417 -0.00423566
1416 1419 0.00423566
1420 1423 0.00439882
1418 1421 -0.00439879
1420 1419 0.00439879
1422 1421 -0.00439882
1422 1419 -0.00439879
1418 1423 0.00439879
1420 1419 0.00439879
1418 1421 -0.00439879
1422 1421 -0.00439882
1420 1423 0.00439882
1418 1423 0.00439879
1422 1419 -0.00439879
1372 1423 0.00423568
1424 1373 -0.00407857
1372 1425 0.00407857
1422 1373 -0.00423568
1422 1425 -0.00423566
1424 1423 0.00423566
1372 1425 0.00407857
1424 1373 -0.00407857
1422 1373 -0.00423568
1372 1423 0.00423568
1424 1423 0.00423566
1422 1425 -0.00423566
1420 1427 -0.00423568
1428 1421 -0.00423566
1420 1429 0.00423566
1426 1421 0.00423568
1426 1429 0.00407856
1428 1427 -0.00407856
1420 1429 0.00423566
1428 1421 -0.00423566
1426 1421 0.00423568
1420 1427 -0.00423568
1428 1427 -0.00407856
1426 1429 0.00407856
1408 1431 -0.00317173
1432 1409 -0.00369295
1408 1433 0.00369295
1430 1409 0.00317173
1430 1433 0.00369295
1432 1431 -0.00369295
1408 1433 0.00369295
1432 1409 -0.00369295
1430 1409 0.00317173
1408 1431 -0.00317173
1432 1431 -0.00369295
1430 1433 0.00369295
1434 1437 0.00339552
1432 1435 -0.00382101
1434 1433 0.00382101
1436 1435 -0.00339552
1436 1433 -0.00382102
1432 1437 0.00382102
1434 1433 0.00382101
1432 1435 -0.00382101
1436 1435 -0.00339552
1434 1437 0.00339552
1432 1437 0.00382102
1436 1433 -0.00382102
1414 1437 0.00328172
1428 1415 0.00359667
1414 1429 -0.00359667
1436 1415 -0.00328172
1436 1429 0.0037214
1428 1437 -0.0037214
1414 1429 -0.00359667
1428 1415 0.00359667
1436 1415 -0.00328172
1414 1437 0.00328172
1428 1437 -0.0037214
1436 1429 0.0037214
1434 1439 -0.00328171
1424 1435 0.0037214
1434 1425 -0.0037214
1438 1435 0.00328171
1438 1425 -0.00359667
1424 1439 0.00359667
1434 1425 -0.0037214
1424 1435 0.0037214
1438 1435 0.00328171
1434 1439 -0.00328171
1424 1439 0.00359667
1438 1425 -0.00359667
1396 1427 0.00359671
1440 1397 -0.00328176
1396 1441 0.00328176
1426 1397 -0.00359671
1426 1441 -0.00372144
1440 1427 0.00372144
1396 1441 0.00328176
1440 1397 -0.00328176
1426 1397 -0.00359671
1396 1427 0.00359671
1440 1427 0.00372144
1426 1441 -0.00372144
1442 1445 0.0038211
1440 1443 -0.00339559
1442 1441 0.00339559
1444 1443 -0.0038211
1444 1441 -0.00382107
1440 1445 0.00382107
1442 1441 0.00339559
1440 1443 -0.00339559
1444 1443 -0.0038211
1442 1445 0.0038211
1440 1445 0.00382107
1444 1441 -0.00382107
1402 1445 0.00369303
1346 1403 0.00317179
1402 1347 -0.00317179
1444 1403 -0.00369303
1444 1347 0.00369301
1346 1445 -0.00369301
1402 1347 -0.00317179
1346 1403 0.00317179
1444 1403 -0.00369303
1402 1445 0.00369303
1346 1445 -0.00369301
1444 1347 0.00369301
1442 1417 0.00372147
1336 1443 0.00328178
1442 1337 -0.00328178
1416 1443 -0.00372147
1416 1337 0.00359672
1336 1417 -0.00359672
1442 1337 -0.00328178
1336 1443 0.00328178
1416 1443 -0.00372147
1442 1417 0.00372147
1336 1417 -0.00359672
1416 1337 0.00359672
1802 1805 0.00359669
1806 1803 0.0037214
1802 1807 -0.0037214
1804 1803 -0.00359669
1804 1807 0.00328173
1806 1805 -0.00328173
1802 1807 -0.0037214
1806 1803 0.0037214
1804 1803 -0.00359669
1802 1805 0.00359669
1806 1805 -0.00328173
1804 1807 0.00328173
1808 1811 0.0038211
1806 1809 -0.00382105
1808 1807 0.00382105
1810 1809 -0.0038211
1810 1807 -0.00339556
1806 1811 0.00339556
1808 1807 0.00382105
1806 1809 -0.00382105
1810 1809 -0.0038211
1808 1811 0.0038211
1806 1811 0.00339556
1810 1807 -0.00339556
1812 1811 -0.00372146
1790 1813 -0.00359667
1812 1791 0.00359667
1810 1813 0.00372146
1810 1791 0.00328174
1790 1811 -0.00328174
1812 1791 0.00359667
1790 1813 -0.00359667
1810 1813 0.00372146
1812 1811 -0.00372146
1790 1811 -0.00328174
1810 1791 0.00328174
1808 1815 -0.00369303
1784 1809 0.00369298
1808 1785 -0.00369298
1814 1809 0.00369303
1814 1785 -0.00317177
1784 1815 0.00317177
1808 1785 -0.00369298
1784 1809 0.00369298
1814 1809 0.00369303
1808 1815 -0.00369303
1784 1815 0.00317177
1814 1785 -0.00317177
1812 1817 -0.00407858
1818 1813 -0.00423562
1812 1819 0.00423562
1816 1813 0.00407858
1816 1819 0.00423562
1818 1817 -0.00423562
1812 1819 0.00423562
1818 1813 -0.00423562
1816 1813 0.00407858
1812 1817 -0.00407858
1818 1817 -0.00423562
1816 1819 0.00423562
1446 1821 0.0043988
1818 1447 -0.00439876
1446 1819 0.00439876
1820 1447 -0.0043988
1820 1819 -0.00439876
1818 1821 0.00439876
1446 1819 0.00439876
1818 1447 -0.00439876
1820 1447 -0.0043988
1446 1821 0.0043988
1818 1821 0.00439876
1820 1819 -0.00439876
1802 1821 0.00423565
1822 1803 -0.00407851
1802 1823 0.00407851
1820 1803 -0.00423565
1820 1823 -0.0042356
1822 1821 0.0042356
1802 1823 0.00407851
1822 1803 -0.00407851
1820 1803 -0.00423565
1802 1821 0.00423565
1822 1821 0.0042356
1820 1823 -0.0042356
1446 1387 -0.00423565
1448 1447 -0.0042356
1446 1449 0.0042356
1386 1447 0.00423565
1386 1449 0.00407851
1448 1387 -0.00407851
1446 1449 0.0042356
1448 1447 -0.0042356
1386 1447 0.00423565
1446 1387 -0.00423565
1448 1387 -0.00407851
1386 1449 0.00407851
1430 1451 -0.00317174
1452 1431 -0.00369292
1430 1453 0.00369292
1450 1431 0.00317174
1450 1453 0.00369292
1452 1451 -0.00369292
1430 1453 0.00369292
1452 1431 -0.00369292
1450 1431 0.00317174
1430 1451 -0.00317174
1452 1451 -0.00369292
1450 1453 0.00369292
1454 1457 0.00339553
1452 1455 -0.00382098
1454 1453 0.00382098
1456 1455 -0.00339553
1456 1453 -0.00382098
1452 1457 0.00382098
1454 1453 0.00382098
1452 1455 -0.00382098
1456 1455 -0.00339553
1454 1457 0.00339553
1452 1457 0.00382098
1456 1453 -0.00382098
1438 1457 0.00328172
1448 1439 0.00359663
1438 1449 -0.00359663
1456 1439 -0.00328172
1456 1449 0.00372136
1448 1457 -0.00372136
1438 1449 -0.00359663
1448 1439 0.00359663
1456 1439 -0.00328172
1438 1457 0.00328172
1448 1457 -0.00372136
1456 1449 0.00372136
1454 1825 -0.00328172
1822 1455 0.00372136
1454 1823 -0.00372136
1824 1455 0.00328172
1824 1823 -0.00359663
1822 1825 0.00359663
1454 1823 -0.00372136
1822 1455 0.00372136
1824 1455 0.00328172
1454 1825 -0.00328172
1822 1825 0.00359663
1824 1823 -0.00359663
1374 1387 0.00359669
1388 1375 -0.00328173
1374 1389 0.00328173
1386 1375 -0.00359669
1386 1389 -0.0037214
1388 1387 0.0037214
1374 1389 0.00328173
1388 1375 -0.00328173
1386 1375 -0.00359669
1374 1387 0.00359669
1388 1387 0.0037214
1386 1389 -0.0037214
1390 1393 0.0038211
1388 1391 -0.00339556
1390 1389 0.00339556
1392 1391 -0.0038211
1392 1389 -0.00382105
1388 1393 0.00382105
1390 1389 0.00339556
1388 1391 -0.00339556
1392 1391 -0.0038211
1390 1393 0.0038211
1388 1393 0.00382105
1392 1389 -0.00382105
1384 1393 0.00369303
1370 1385 0.00317177
1384 1371 -0.00317177
1392 1385 -0.00369303
1392 1371 0.00369298
1370 1393 -0.00369298
1384 1371 -0.00317177
1370 1385 0.00317177
1392 1385 -0.00369303
1384 1393 0.00369303
1370 1393 -0.00369298
1392 1371 0.00369298
1390 1817 0.00372146
1764 1391 0.00328174
1390 1765 -0.00328174
1816 1391 -0.00372146
1816 1765 0.00359667
1764 1817 -0.00359667
1390 1765 -0.00328174
1764 1391 0.00328174
1816 1391 -0.00372146
1390 1817 0.00372146
1764 1817 -0.00359667
1816 1765 0.00359667
1874 1877 0.00359671
1878 1875 0.00372144
1874 1879 -0.00372144
1876 1875 -0.00359671
1876 1879 0.00328176
1878 1877 -0.00328176
1874 1879 -0.00372144
1878 1875 0.00372144
1876 1875 -0.00359671
1874 1877 0.00359671
1878 1877 -0.00328176
1876 1879 0.00328176
1880 1883 0.0038211
1878 1881 -0.00382107
1880 1879 0.00382107
1882 1881 -0.0038211
1882 1879 -0.00339559
1878 1883 0.00339559
1880 1879 0.00382107
1878 1881 -0.00382107
1882 1881 -0.0038211
1880 1883 0.0038211
1878 1883 0.00339559
1882 1879 -0.00339559
1884 1883 -0.00372147
1864 1885 -0.00359672
1884 1865 0.00359672
1882 1885 0.00372147
1882 1865 0.00328178
1864 1883 -0.00328178
1884 1865 0.00359672
1864 1885 -0.00359672
1882 1885 0.00372147
1884 1883 -0.00372147
1864 1883 -0.00328178
1882 1865 0.00328178
1880 1887 -0.00369303
1858 1881 0.00369301
1880 1859 -0.00369301
1886 1881 0.00369303
1886 1859 -0.00317179
1858 1887 0.00317179
1880 1859 -0.00369301
1858 1881 0.00369301
1886 1881 0.00369303
1880 1887 -0.00369303
1858 1887 0.00317179
1886 1859 -0.00317179
1884 1889 -0.0040786
1890 1885 -0.00423566
1884 1891 0.00423566
1888 1885 0.0040786
1888 1891 0.00423565
1890 1889 -0.00423565
1884 1891 0.00423566
1890 1885 -0.00423566
1888 1885 0.0040786
1884 1889 -0.0040786
1890 1889 -0.00423565
1888 1891 0.00423565
1892 1895 0.00439882
1890 1893 -0.00439879
1892 1891 0.00439879
1894 1893 -0.00439882
1894 1891 -0.00439879
1890 1895 0.00439879
1892 1891 0.00439879
1890 1893 -0.00439879
1894 1893 -0.00439882
1892 1895 0.00439882
1890 1895 0.00439879
1894 1891 -0.00439879
1874 1895 0.00423568
1896 1875 -0.00407856
1874 1897 0.00407856
1894 1875 -0.00423568
1894 1897 -0.00423566
1896 1895 0.00423566
1874 1897 0.00407856
1896 1875 -0.00407856
1894 1875 -0.00423568
1874 1895 0.00423568
1896 1895 0.00423566
1894 1897 -0.00423566
1892 1899 -0.00423568
1900 1893 -0.00423566
1892 1901 0.00423566
1898 1893 0.00423568
1898 1901 0.00407857
1900 1899 -0.00407857
1892 1901 0.00423566
1900 1893 -0.00423566
1898 1893 0.00423568
1892 1899 -0.00423568
1900 1899 -0.00407857
1898 1901 0.00407857
1450 1459 -0.00317173
1460 1451 -0.00369295
1450 1461 0.00369295
1458 1451 0.00317173
1458 1461 0.00369295
1460 1459 -0.00369295
1450 1461 0.00369295
1460 1451 -0.00369295
1458 1451 0.00317173
1450 1459 -0.00317173
1460 1459 -0.00369295
1458 1461 0.00369295
1902 1905 0.00339552
1460 1903 -0.00382102
1902 1461 0.00382102
1904 1903 -0.00339552
1904 1461 -0.00382101
1460 1905 0.00382101
1902 1461 0.00382102
1460 1903 -0.00382102
1904 1903 -0.00339552
1902 1905 0.00339552
1460 1905 0.00382101
1904 1461 -0.00382101
1824 1905 0.00328171
1900 1825 0.00359667
1824 1901 -0.00359667
1904 1825 -0.00328171
1904 1901 0.0037214
1900 1905 -0.0037214
1824 1901 -0.00359667
1900 1825 0.00359667
1904 1825 -0.00328171
1824 1905 0.00328171
1900 1905 -0.0037214
1904 1901 0.0037214
1902 1907 -0.00328172
1896 1903 0.0037214
1902 1897 -0.0037214
1906 1903 0.00328172
1906 1897 -0.00359667
1896 1907 0.00359667
1902 1897 -0.0037214
1896 1903 0.0037214
1906 1903 0.00328172
1902 1907 -0.00328172
1896 1907 0.00359667
1906 1897 -0.00359667
1804 1899 0.0035967
1908 1805 -0.00328176
1804 1909 0.00328176
1898 1805 -0.0035967
1898 1909 -0.00372145
1908 1899 0.00372145
1804 1909 0.00328176
1908 1805 -0.00328176
1898 1805 -0.0035967
1804 1899 0.0035967
1908 1899 0.00372145
1898 1909 -0.00372145
1910 1827 0.00382111
1908 1911 -0.0033956
1910 1909 0.0033956
1826 1911 -0.00382111
1826 1909 -0.00382108
1908 1827 0.00382108
1910 1909 0.0033956
1908 1911 -0.0033956
1826 1911 -0.00382111
1910 1827 0.00382111
1908 1827 0.00382108
1826 1909 -0.00382108
1814 1827 0.00369303
1800 1815 0.00317179
1814 1801 -0.00317179
1826 1815 -0.00369303
1826 1801 0.00369301
1800 1827 -0.00369301
1814 1801 -0.00317179
1800 1815 0.00317179
1826 1815 -0.00369303
1814 1827 0.00369303
1800 1827 -0.00369301
1826 1801 0.00369301
1910 1889 0.00372147
1842 1911 0.00328178
1910 1843 -0.00328178
1888 1911 -0.00372147
1888 1843 0.0035967
1842 1889 -0.0035967
1910 1843 -0.00328178
1842 1911 0.00328178
1888 1911 -0.00372147
1910 1889 0.00372147
1842 1889 -0.0035967
1888 1843 0.0035967
1282 1241 -0.00359672
1284 1283 0.00372145
1282 1285 -0.00372145
1240 1283 0.00359672
1240 1285 -0.00328179
1284 1241 0.00328179
1282 1285 -0.00372145
1284 1283 0.00372145
1240 1283 0.00359672
1282 1241 -0.00359672
1284 1241 0.00328179
1240 1285 -0.00328179
1286 1289 0.00382107
1284 1287 -0.00382106
1286 1285 0.00382106
1288 1287 -0.00382107
1288 1285 -0.0033956
1284 1289 0.0033956
1286 1285 0.00382106
1284 1287 -0.00382106
1288 1287 -0.00382107
1286 1289 0.00382107
1284 1289 0.0033956
1288 1285 -0.0033956
1290 1289 -0.00372144
1276 1291 -0.00359671
1290 1277 0.00359671
1288 1291 0.00372144
1288 1277 0.00328179
1276 1289 -0.00328179
1290 1277 0.00359671
1276 1291 -0.00359671
1288 1291 0.00372144
1290 1289 -0.00372144
1276 1289 -0.00328179
1288 1277 0.00328179
1286 1249 0.00369299
1270 1287 0.00369298
1286 1271 -0.00369298
1248 1287 -0.00369299
1248 1271 0.00317178
1270 1249 -0.00317178
1286 1271 -0.00369298
1270 1287 0.00369298
1248 1287 -0.00369299
1286 1249 0.00369299
1270 1249 -0.00317178
1248 1271 0.00317178
1290 1293 -0.00407859
1294 1291 -0.00423566
1290 1295 0.00423566
1292 1291 0.00407859
1292 1295 0.00423571
1294 1293 -0.00423571
1290 1295 0.00423566
1294 1291 -0.00423566
1292 1291 0.00407859
1290 1293 -0.00407859
1294 1293 -0.00423571
1292 1295 0.00423571
1296 1299 0.00439885
1294 1297 -0.00439881
1296 1295 0.00439881
1298 1297 -0.00439885
1298 1295 -0.00439886
1294 1299 0.00439886
1296 1295 0.00439881
1294 1297 -0.00439881
1298 1297 -0.00439885
1296 1299 0.00439885
1294 1299 0.00439886
1298 1295 -0.00439886
1282 1299 0.00423571
1300 1283 -0.00407859
1282 1301 0.00407859
1298 1283 -0.00423571
1298 1301 -0.00423573
1300 1299 0.00423573
1282 1301 0.00407859
1300 1283 -0.00407859
1298 1283 -0.00423571
1282 1299 0.00423571
1300 1299 0.00423573
1298 1301 -0.00423573
1296 1913 -0.00423569
1914 1297 -0.00423566
1296 1915 0.00423566
1912 1297 0.00423569
1912 1915 0.00407861
1914 1913 -0.00407861
1296 1915 0.00423566
1914 1297 -0.00423566
1912 1297 0.00423569
1296 1913 -0.00423569
1914 1913 -0.00407861
1912 1915 0.00407861
1458 1407 0.00317176
1302 1459 -0.00369297
1458 1303 0.00369297
1406 1459 -0.00317176
1406 1303 -0.003693
1302 1407 0.003693
1458 1303 0.00369297
1302 1459 -0.00369297
1406 1459 -0.00317176
1458 1407 0.00317176
1302 1407 0.003693
1406 1303 -0.003693
1304 1307 0.00339556
1302 1305 -0.00382104
1304 1303 0.00382104
1306 1305 -0.00339556
1306 1303 -0.00382107
1302 1307 0.00382107
1304 1303 0.00382104
1302 1305 -0.00382104
1306 1305 -0.00339556
1304 1307 0.00339556
1302 1307 0.00382107
1306 1303 -0.00382107
1906 1307 0.00328174
1914 1907 0.00359668
1906 1915 -0.00359668
1306 1907 -0.00328174
1306 1915 0.00372144
1914 1307 -0.00372144
1906 1915 -0.00359668
1914 1907 0.00359668
1306 1907 -0.00328174
1906 1307 0.00328174
1914 1307 -0.00372144
1306 1915 0.00372144
1304 1281 0.00328175
1300 1305 0.00372143
1304 1301 -0.00372143
1280 1305 -0.00328175
1280 1301 0.00359673
1300 1281 -0.00359673
1304 1301 -0.00372143
1300 1305 0.00372143
1280 1305 -0.00328175
1304 1281 0.00328175
1300 1281 -0.00359673
1280 1301 0.00359673
1876 1913 0.00359673
1916 1877 -0.0032818
1876 1917 0.0032818
1912 1877 -0.00359673
1912 1917 -0.00372152
1916 1913 0.00372152
1876 1917 0.0032818
1916 1877 -0.0032818
1912 1877 -0.00359673
1876 1913 0.00359673
1916 1913 0.00372152
1912 1917 -0.00372152
1308 1919 0.00382114
1916 1309 -0.00339564
1308 1917 0.00339564
1918 1309 -0.00382114
1918 1917 -0.00382117
1916 1919 0.00382117
1308 1917 0.00339564
1916 1309 -0.00339564
1918 1309 -0.00382114
1308 1919 0.00382114
1916 1919 0.00382117
1918 1917 -0.00382117
1886 1919 0.00369306
1872 1887 0.00317182
1886 1873 -0.00317182
1918 1887 -0.00369306
1918 1873 0.00369309
1872 1919 -0.00369309
1886 1873 -0.00317182
1872 1887 0.00317182
1918 1887 -0.00369306
1886 1919 0.00369306
1872 1919 -0.00369309
1918 1873 0.00369309
1308 1293 0.00372149
1254 1309 0.0032818
1308 1255 -0.0032818
1292 1309 -0.00372149
1292 1255 0.00359675
1254 1293 -0.00359675
1308 1255 -0.0032818
1254 1309 0.0032818
1292 1309 -0.00372149
1308 1293 0.00372149
1254 1293 -0.00359675
1292 1255 0.00359675
