1740 1745 -0.00132656
1744 1741 0.00132656
1742 1741 -0.00149278
1740 1743 0.00149278
1744 1743 -0.00149278
1742 1745 0.00149278
2972 2975 -0.00123912
2974 2973 0.00123912
1742 2973 0.00144275
2972 1743 -0.00144275
2974 1743 0.00144274
1742 2975 -0.00144274
1746 1745 0.0012821
1744 1747 -0.0012821
1748 1747 -0.00140514
1746 1749 0.00140514
1744 1749 0.00145387
1748 1745 -0.00145387
1750 2077 -0.00145388
2076 1751 0.00145388
2074 1751 -0.00140513
1750 2075 0.00140513
2076 2075 -0.0012821
2074 2077 0.0012821
2078 2077 0.00149281
2076 2079 -0.00149281
1752 2079 -0.00149279
2078 1753 0.00149279
2076 1753 0.00132657
1752 2077 -0.00132657
1754 1757 -0.00140514
1756 1755 0.00140514
1752 1755 0.00145387
1754 1753 -0.00145387
1756 1753 0.0012821
1752 1757 -0.0012821
1754 1761 0.00165477
1760 1755 -0.00165477
1758 1755 0.00159338
1754 1759 -0.00159338
1760 1759 -0.00165475
1758 1761 0.00165475
1762 1761 0.00171851
1760 1763 -0.00171851
1764 1763 -0.00171849
1762 1765 0.00171849
1760 1765 0.00171849
1764 1761 -0.00171849
1750 1767 0.0015934
1766 1751 -0.0015934
1764 1751 -0.00165475
1750 1765 0.00165475
1766 1765 0.00165475
1764 1767 -0.00165475
1762 3247 0.00165477
3246 1763 -0.00165477
3244 1763 0.00165475
1762 3245 -0.00165475
3246 3245 -0.00159338
3244 3247 0.00159338
3248 3253 -0.00144278
3252 3249 0.00144278
3250 3249 -0.00123914
3248 3251 0.00123914
3252 3251 -0.00144277
3250 3253 0.00144277
3254 3253 0.00149281
3252 3255 -0.00149281
3256 3255 -0.00132657
3254 3257 0.00132657
3252 3257 0.00149279
3256 3253 -0.00149279
3258 3247 0.00140514
3246 3259 -0.00140514
3256 3259 0.0012821
3258 3257 -0.0012821
3246 3257 -0.00145387
3256 3247 0.00145387
3254 1767 -0.00145388
1766 3255 0.00145388
3260 3255 0.0012821
3254 3261 -0.0012821
1766 3261 0.00140513
3260 1767 -0.00140513
3262 2977 -0.00128209
2976 3263 0.00128209
3244 3263 0.00140512
3262 3245 -0.00140512
2976 3245 0.00145384
3244 2977 -0.00145384
1768 2977 0.00132655
2976 1769 -0.00132655
2978 1769 -0.00149276
1768 2979 0.00149276
2976 2979 0.00149276
2978 2977 -0.00149276
2980 2973 0.00123912
2972 2981 -0.00123912
2978 2981 0.00144273
2980 2979 -0.00144273
2972 2979 -0.00144273
2978 2973 0.00144273
1768 1747 -0.00128209
1746 1769 0.00128209
1758 1769 -0.00145384
1768 1759 0.00145384
1746 1759 -0.00140512
1758 1747 0.00140512
1858 1863 -0.00171852
1862 1859 0.00171852
1860 1859 -0.00171851
1858 1861 0.00171851
1862 1861 -0.00171853
1860 1863 0.00171853
2982 1863 0.00165479
1862 2983 -0.00165479
2984 2983 -0.00159341
2982 2985 0.00159341
1862 2985 0.0016548
2984 1863 -0.0016548
3046 3051 -0.00144277
3050 3047 0.00144277
3048 3047 -0.00144276
3046 3049 0.00144276
3050 3049 -0.00123914
3048 3051 0.00123914
3046 1865 0.0014928
1864 3047 -0.0014928
2986 3047 0.0014928
3046 2987 -0.0014928
1864 2987 -0.00132658
2986 1865 0.00132658
2982 2989 0.00140515
2988 2983 -0.00140515
2986 2983 -0.00145388
2982 2987 0.00145388
2988 2987 0.00128211
2986 2989 -0.00128211
1866 1865 0.00145388
1864 1867 -0.00145388
1868 1867 -0.00140515
1866 1869 0.00140515
1864 1869 0.00128211
1868 1865 -0.00128211
2990 2993 -0.0012821
2992 2991 0.0012821
2984 2991 0.00145387
2990 2985 -0.00145387
2992 2985 0.00140516
2984 2993 -0.00140516
2990 1771 0.00132656
1770 2991 -0.00132656
2994 2991 0.00149279
2990 2995 -0.00149279
1770 2995 -0.0014928
2994 1771 0.0014928
2974 2997 0.00123913
2996 2975 -0.00123913
2994 2975 -0.00144275
2974 2995 0.00144275
2996 2995 0.00144277
2994 2997 -0.00144277
1772 1771 0.0012821
1770 1773 -0.0012821
1774 1773 -0.00140514
1772 1775 0.00140514
1770 1775 0.00145388
1774 1771 -0.00145388
3052 3057 -0.00145388
3056 3053 0.00145388
3054 3053 -0.00128211
3052 3055 0.00128211
3056 3055 -0.00140515
3054 3057 0.00140515
3052 3059 0.0014928
3058 3053 -0.0014928
2998 3053 0.00132658
3052 2999 -0.00132658
3058 2999 -0.0014928
2998 3059 0.0014928
2988 3001 0.00140515
3000 2989 -0.00140515
2998 2989 -0.00128211
2988 2999 0.00128211
3000 2999 0.00145388
2998 3001 -0.00145388
3050 3059 -0.00144277
3058 3051 0.00144277
3060 3051 0.00123914
3050 3061 -0.00123914
3058 3061 0.00144276
3060 3059 -0.00144276
3002 3001 0.00165479
3000 3003 -0.00165479
3004 3003 -0.0016548
3002 3005 0.0016548
3000 3005 0.00159341
3004 3001 -0.00159341
3002 3009 0.00171852
3008 3003 -0.00171852
3006 3003 0.00171853
3002 3007 -0.00171853
3008 3007 -0.00171851
3006 3009 0.00171851
3062 3057 0.00159341
3056 3063 -0.00159341
3006 3063 0.00165479
3062 3007 -0.00165479
3056 3007 -0.00165477
3006 3057 0.00165477
3010 3009 0.00165478
3008 3011 -0.00165478
3012 3011 -0.00159342
3010 3013 0.00159342
3008 3013 0.00165477
3012 3009 -0.00165477
3064 3069 -0.0014428
3068 3065 0.0014428
3066 3065 -0.00144281
3064 3067 0.00144281
3068 3067 -0.00123917
3066 3069 0.00123917
3064 3071 0.00149282
3070 3065 -0.00149282
3014 3065 0.00149283
3064 3015 -0.00149283
3070 3015 -0.00132659
3014 3071 0.00132659
3010 3017 0.00140515
3016 3011 -0.00140515
3014 3011 -0.0014539
3010 3015 0.0014539
3016 3015 0.00128212
3014 3017 -0.00128212
3062 3071 -0.00145389
3070 3063 0.00145389
3072 3063 0.00140516
3062 3073 -0.00140516
3070 3073 0.00128212
3072 3071 -0.00128212
3018 3021 -0.0012821
3020 3019 0.0012821
3012 3019 0.00145388
3018 3013 -0.00145388
3020 3013 0.00140514
3012 3021 -0.00140514
3018 3025 0.00132656
3024 3019 -0.00132656
3022 3019 0.0014928
3018 3023 -0.0014928
3024 3023 -0.00149279
3022 3025 0.00149279
2996 3027 0.00123913
3026 2997 -0.00123913
3022 2997 -0.00144277
2996 3023 0.00144277
3026 3023 0.00144275
3022 3027 -0.00144275
2992 3025 -0.0012821
3024 2993 0.0012821
3004 2993 -0.00140516
2992 3005 0.00140516
3024 3005 -0.00145387
3004 3025 0.00145387
3028 3267 -0.00145389
3266 3029 0.00145389
3264 3029 -0.00128211
3028 3265 0.00128211
3266 3265 -0.00140515
3264 3267 0.00140515
3028 3033 0.00149282
3032 3029 -0.00149282
3030 3029 0.00132658
3028 3031 -0.00132658
3032 3031 -0.00149281
3030 3033 0.00149281
3016 3035 0.00140515
3034 3017 -0.00140515
3030 3017 -0.00128211
3016 3031 0.00128211
3034 3031 0.00145388
3030 3035 -0.00145388
3068 3033 -0.00144279
3032 3069 0.00144279
3074 3069 0.00123916
3068 3075 -0.00123916
3032 3075 0.00144279
3074 3033 -0.00144279
3036 3035 0.00165477
3034 3037 -0.00165477
3038 3037 -0.00165476
3036 3039 0.00165476
3034 3039 0.0015934
3038 3035 -0.0015934
3036 3271 0.00171851
3270 3037 -0.00171851
3268 3037 0.0017185
3036 3269 -0.0017185
3270 3269 -0.0017185
3268 3271 0.0017185
3272 3267 0.00159341
3266 3273 -0.00159341
3268 3273 0.00165477
3272 3269 -0.00165477
3266 3269 -0.00165477
3268 3267 0.00165477
3274 3271 0.00165477
3270 3275 -0.00165477
3276 3275 -0.0015934
3274 3277 0.0015934
3270 3277 0.00165477
3276 3271 -0.00165477
3278 3249 0.00144278
3248 3279 -0.00144278
3280 3279 -0.00144278
3278 3281 0.00144278
3248 3281 0.00123915
3280 3249 -0.00123915
3278 3285 0.00149281
3284 3279 -0.00149281
3282 3279 0.00149281
3278 3283 -0.00149281
3284 3283 -0.00132658
3282 3285 0.00132658
3274 3259 -0.00140515
3258 3275 0.00140515
3282 3275 -0.00145388
3274 3283 0.00145388
3258 3283 -0.00128211
3282 3259 0.00128211
3272 3285 -0.00145389
3284 3273 0.00145389
3286 3273 0.00140514
3272 3287 -0.00140514
3284 3287 0.00128211
3286 3285 -0.00128211
3040 3263 0.0012821
3262 3041 -0.0012821
3276 3041 0.00145387
3040 3277 -0.00145387
3262 3277 -0.00140514
3276 3263 0.00140514
3040 3045 0.00132656
3044 3041 -0.00132656
3042 3041 0.00149278
3040 3043 -0.00149278
3044 3043 -0.00149278
3042 3045 0.00149278
3026 2981 -0.00123912
2980 3027 0.00123912
3042 3027 -0.00144274
3026 3043 0.00144274
2980 3043 -0.00144275
3042 2981 0.00144275
3020 3045 -0.00128209
3044 3021 0.00128209
3038 3021 -0.00140513
3020 3039 0.00140513
3044 3039 -0.00145386
3038 3045 0.00145386
2136 2081 -0.00145388
2080 2137 0.00145388
2138 2137 -0.00140517
2136 2139 0.00140517
2080 2139 -0.00128211
2138 2081 0.00128211
2082 2081 0.00149281
2080 2083 -0.00149281
2084 2083 -0.00149284
2082 2085 0.00149284
2080 2085 0.00132658
2084 2081 -0.00132658
2086 2075 0.00140515
2074 2087 -0.00140515
2084 2087 0.00145391
2086 2085 -0.00145391
2074 2085 -0.00128211
2084 2075 0.00128211
2086 3291 0.00165478
3290 2087 -0.00165478
3288 2087 0.00159344
2086 3289 -0.00159344
3290 3289 -0.00165478
3288 3291 0.00165478
3292 3291 0.00171852
3290 3293 -0.00171852
3294 3293 -0.00171854
3292 3295 0.00171854
3290 3295 0.00171852
3294 3291 -0.00171852
2136 3297 0.0015934
3296 2137 -0.0015934
3294 2137 -0.0016548
2136 3295 0.0016548
3296 3295 0.00165477
3294 3297 -0.00165477
3292 3301 0.00165477
3300 3293 -0.00165477
3298 3293 0.0016548
3292 3299 -0.0016548
3300 3299 -0.0015934
3298 3301 0.0015934
3362 3365 -0.00144275
3364 3363 0.00144275
2140 3363 -0.00123914
3362 2141 0.00123914
3364 2141 -0.00144275
2140 3365 0.00144275
3302 3365 0.00149279
3364 3303 -0.00149279
3366 3303 -0.00132658
3302 3367 0.00132658
3364 3367 0.00149279
3366 3365 -0.00149279
3368 3301 0.00140514
3300 3369 -0.00140514
3366 3369 0.00128212
3368 3367 -0.00128212
3300 3367 -0.00145387
3366 3301 0.00145387
3302 3297 -0.00145387
3296 3303 0.00145387
2142 3303 0.00128212
3302 2143 -0.00128212
3296 2143 0.00140514
2142 3297 -0.00140514
3304 3307 -0.00128211
3306 3305 0.00128211
3298 3305 0.00140517
3304 3299 -0.00140517
3306 3299 0.00145388
3298 3307 -0.00145388
3308 3307 0.00132658
3306 3309 -0.00132658
3310 3309 -0.00149284
3308 3311 0.00149284
3306 3311 0.00149281
3310 3307 -0.00149281
3312 3251 0.00123916
3250 3313 -0.00123916
3310 3313 0.00144281
3312 3311 -0.00144281
3250 3311 -0.00144278
3310 3251 0.00144278
3308 3261 -0.00128211
3260 3309 0.00128211
3288 3309 -0.00145391
3308 3289 0.00145391
3260 3289 -0.00140515
3288 3261 0.00140515
2428 1871 -0.00145391
1870 2429 0.00145391
2430 2429 -0.00140518
2428 2431 0.00140518
1870 2431 -0.00128212
2430 1871 0.00128212
1872 1871 0.00149282
1870 1873 -0.00149282
1874 1873 -0.00149282
1872 1875 0.00149282
1870 1875 0.00132658
1874 1871 -0.00132658
1872 3049 -0.00144278
3048 1873 0.00144278
3076 1873 0.00144279
1872 3077 -0.00144279
3048 3077 0.00123914
3076 3049 -0.00123914
3110 3079 -0.00145392
3078 3111 0.00145392
3112 3111 -0.00140519
3110 3113 0.00140519
3078 3113 -0.00128214
3112 3079 0.00128214
3080 3079 0.00149285
3078 3081 -0.00149285
3082 3081 -0.00149286
3080 3083 0.00149286
3078 3083 0.00132661
3082 3079 -0.00132661
3084 3073 0.00140517
3072 3085 -0.00140517
3082 3085 0.00145392
3084 3083 -0.00145392
3072 3083 -0.00128214
3082 3073 0.00128214
3080 3067 -0.00144282
3066 3081 0.00144282
3086 3081 0.00144283
3080 3087 -0.00144283
3066 3087 0.00123918
3086 3067 -0.00123918
3084 3091 0.00165482
3090 3085 -0.00165482
3088 3085 0.00159345
3084 3089 -0.00159345
3090 3089 -0.00165482
3088 3091 0.00165482
3114 3091 0.00171856
3090 3115 -0.00171856
3116 3115 -0.00171857
3114 3117 0.00171857
3090 3117 0.00171857
3116 3091 -0.00171857
3110 3119 0.00159345
3118 3111 -0.00159345
3116 3111 -0.00165483
3110 3117 0.00165483
3118 3117 0.00165483
3116 3119 -0.00165483
3114 3123 0.00165482
3122 3115 -0.00165482
3120 3115 0.00165483
3114 3121 -0.00165483
3122 3121 -0.00159345
3120 3123 0.00159345
3124 3129 -0.00144282
3128 3125 0.00144282
3126 3125 -0.00123919
3124 3127 0.00123919
3128 3127 -0.00144283
3126 3129 0.00144283
3130 3129 0.00149285
3128 3131 -0.00149285
3132 3131 -0.00132661
3130 3133 0.00132661
3128 3133 0.00149285
3132 3129 -0.00149285
3134 3123 0.00140518
3122 3135 -0.00140518
3132 3135 0.00128214
3134 3133 -0.00128214
3122 3133 -0.00145392
3132 3123 0.00145392
3130 3119 -0.00145392
3118 3131 0.00145392
3136 3131 0.00128214
3130 3137 -0.00128214
3118 3137 0.00140518
3136 3119 -0.00140518
3138 3093 -0.00128212
3092 3139 0.00128212
3120 3139 0.00140518
3138 3121 -0.00140518
3092 3121 0.00145391
3120 3093 -0.00145391
3094 3093 0.00132658
3092 3095 -0.00132658
3096 3095 -0.00149282
3094 3097 0.00149282
3092 3097 0.00149282
3096 3093 -0.00149282
3098 3061 0.00123914
3060 3099 -0.00123914
3096 3099 0.00144279
3098 3097 -0.00144279
3060 3097 -0.00144278
3096 3061 0.00144278
3094 3055 -0.00128212
3054 3095 0.00128212
3088 3095 -0.00145391
3094 3089 0.00145391
3054 3089 -0.00140517
3088 3055 0.00140517
3314 3319 -0.0014539
3318 3315 0.0014539
3316 3315 -0.00140518
3314 3317 0.00140518
3318 3317 -0.00128213
3316 3319 0.00128213
3320 3319 0.00149282
3318 3321 -0.00149282
3322 3321 -0.00149285
3320 3323 0.00149285
3318 3323 0.0013266
3322 3319 -0.0013266
3324 3287 0.00140516
3286 3325 -0.00140516
3322 3325 0.00145392
3324 3323 -0.00145392
3286 3323 -0.00128212
3322 3287 0.00128212
3320 3281 -0.0014428
3280 3321 0.0014428
3326 3321 0.00144282
3320 3327 -0.00144282
3280 3327 0.00123918
3326 3281 -0.00123918
3324 3331 0.00165481
3330 3325 -0.00165481
3328 3325 0.00159345
3324 3329 -0.00159345
3330 3329 -0.00165482
3328 3331 0.00165482
3332 3331 0.00171855
3330 3333 -0.00171855
3334 3333 -0.00171857
3332 3335 0.00171857
3330 3335 0.00171856
3334 3331 -0.00171856
3314 3337 0.00159343
3336 3315 -0.00159343
3334 3315 -0.00165483
3314 3335 0.00165483
3336 3335 0.00165482
3334 3337 -0.00165482
3332 3341 0.00165481
3340 3333 -0.00165481
3338 3333 0.00165483
3332 3339 -0.00165483
3340 3339 -0.00159345
3338 3341 0.00159345
3370 3375 -0.0014428
3374 3371 0.0014428
3372 3371 -0.00123919
3370 3373 0.00123919
3374 3373 -0.00144281
3372 3375 0.00144281
3376 3375 0.00149283
3374 3377 -0.00149283
3378 3377 -0.00132661
3376 3379 0.00132661
3374 3379 0.00149285
3378 3375 -0.00149285
3380 3341 0.00140516
3340 3381 -0.00140516
3378 3381 0.00128214
3380 3379 -0.00128214
3340 3379 -0.00145392
3378 3341 0.00145392
3376 3337 -0.0014539
3336 3377 0.0014539
3382 3377 0.00128214
3376 3383 -0.00128214
3336 3383 0.00140518
3382 3337 -0.00140518
3342 3345 -0.00128211
3344 3343 0.00128211
3338 3343 0.00140518
3342 3339 -0.00140518
3344 3339 0.00145391
3338 3345 -0.00145391
3346 3345 0.00132658
3344 3347 -0.00132658
3100 3347 -0.00149284
3346 3101 0.00149284
3344 3101 0.00149283
3100 3345 -0.00149283
3102 3075 0.00123917
3074 3103 -0.00123917
3100 3103 0.00144282
3102 3101 -0.00144282
3074 3101 -0.00144281
3100 3075 0.00144281
3346 3265 -0.00128211
3264 3347 0.00128211
3328 3347 -0.00145391
3346 3329 0.00145391
3264 3329 -0.00140517
3328 3265 0.00140517
2144 2149 -0.00149282
2148 2145 0.00149282
2146 2145 -0.00132658
2144 2147 0.00132658
2148 2147 -0.00149282
2146 2149 0.00149282
2142 2151 0.00140518
2150 2143 -0.00140518
2146 2143 -0.00128212
2142 2147 0.00128212
2150 2147 0.00145391
2146 2151 -0.00145391
2140 2149 -0.00144279
2148 2141 0.00144279
2152 2141 0.00123914
2140 2153 -0.00123914
2148 2153 0.00144278
2152 2149 -0.00144278
2496 3143 -0.00145391
3142 2497 0.00145391
3140 2497 -0.00128211
2496 3141 0.00128211
3142 3141 -0.00140515
3140 3143 0.00140515
2496 2501 0.00149284
2500 2497 -0.00149284
2498 2497 0.00132658
2496 2499 -0.00132658
2500 2499 -0.00149281
2498 2501 0.00149281
2502 2505 -0.00140517
2504 2503 0.00140517
2498 2503 0.00128211
2502 2499 -0.00128211
2504 2499 0.00145388
2498 2505 -0.00145388
2506 2505 0.0016548
2504 2507 -0.0016548
2432 2507 -0.00165477
2506 2433 0.00165477
2504 2433 0.0015934
2432 2505 -0.0015934
2506 3147 0.00171854
3146 2507 -0.00171854
3144 2507 0.00171852
2506 3145 -0.00171852
3146 3145 -0.00171852
3144 3147 0.00171852
3148 3143 0.00159344
3142 3149 -0.00159344
3144 3149 0.00165478
3148 3145 -0.00165478
3142 3145 -0.00165478
3144 3143 0.00165478
3150 3147 0.0016548
3146 3151 -0.0016548
3152 3151 -0.0015934
3150 3153 0.0015934
3146 3153 0.00165477
3152 3147 -0.00165477
3154 3125 0.00144281
3124 3155 -0.00144281
3156 3155 -0.00144278
3154 3157 0.00144278
3124 3157 0.00123916
3156 3125 -0.00123916
3154 3161 0.00149284
3160 3155 -0.00149284
3158 3155 0.00149281
3154 3159 -0.00149281
3160 3159 -0.00132658
3158 3161 0.00132658
3150 3135 -0.00140517
3134 3151 0.00140517
3158 3151 -0.00145388
3150 3159 0.00145388
3134 3159 -0.00128211
3158 3135 0.00128211
3148 3161 -0.00145391
3160 3149 0.00145391
3162 3149 0.00140515
3148 3163 -0.00140515
3160 3163 0.00128211
3162 3161 -0.00128211
3104 3139 0.00128212
3138 3105 -0.00128212
3152 3105 0.00145387
3104 3153 -0.00145387
3138 3153 -0.00140514
3152 3139 0.00140514
3104 2435 0.00132658
2434 3105 -0.00132658
3106 3105 0.00149279
3104 3107 -0.00149279
2434 3107 -0.00149279
3106 2435 0.00149279
3076 3099 -0.00123914
3098 3077 0.00123914
3106 3077 -0.00144275
3076 3107 0.00144275
3098 3107 -0.00144275
3106 3099 0.00144275
2430 2435 -0.00128212
2434 2431 0.00128212
2432 2431 -0.00140514
2430 2433 0.00140514
2434 2433 -0.00145387
2432 2435 0.00145387
3164 3169 -0.00145392
3168 3165 0.00145392
3166 3165 -0.00128212
3164 3167 0.00128212
3168 3167 -0.00140516
3166 3169 0.00140516
3164 3173 0.00149285
3172 3165 -0.00149285
3170 3165 0.0013266
3164 3171 -0.0013266
3172 3171 -0.00149282
3170 3173 0.00149282
3136 3175 0.00140518
3174 3137 -0.00140518
3170 3137 -0.00128213
3136 3171 0.00128213
3174 3171 0.0014539
3170 3175 -0.0014539
3126 3173 -0.00144282
3172 3127 0.00144282
3176 3127 0.00123918
3126 3177 -0.00123918
3172 3177 0.0014428
3176 3173 -0.0014428
3178 3175 0.00165483
3174 3179 -0.00165483
3180 3179 -0.00165482
3178 3181 0.00165482
3174 3181 0.00159343
3180 3175 -0.00159343
3178 3185 0.00171857
3184 3179 -0.00171857
3182 3179 0.00171856
3178 3183 -0.00171856
3184 3183 -0.00171855
3182 3185 0.00171855
3186 3169 0.00159345
3168 3187 -0.00159345
3182 3187 0.00165482
3186 3183 -0.00165482
3168 3183 -0.00165481
3182 3169 0.00165481
3348 3185 0.00165483
3184 3349 -0.00165483
3350 3349 -0.00159345
3348 3351 0.00159345
3184 3351 0.00165481
3350 3185 -0.00165481
3384 3371 0.00144282
3370 3385 -0.00144282
3386 3385 -0.00144281
3384 3387 0.00144281
3370 3387 0.00123917
3386 3371 -0.00123917
3384 3189 0.00149284
3188 3385 -0.00149284
3388 3385 0.00149283
3384 3389 -0.00149283
3188 3389 -0.00132658
3388 3189 0.00132658
3348 3381 -0.00140518
3380 3349 0.00140518
3388 3349 -0.00145391
3348 3389 0.00145391
3380 3389 -0.00128211
3388 3381 0.00128211
3186 3189 -0.00145391
3188 3187 0.00145391
3190 3187 0.00140517
3186 3191 -0.00140517
3188 3191 0.00128211
3190 3189 -0.00128211
3192 3343 0.00128214
3342 3193 -0.00128214
3350 3193 0.00145392
3192 3351 -0.00145392
3342 3351 -0.00140516
3350 3343 0.00140516
3192 3195 0.00132661
3194 3193 -0.00132661
3108 3193 0.00149285
3192 3109 -0.00149285
3194 3109 -0.00149283
3108 3195 0.00149283
3086 3103 -0.00123919
3102 3087 0.00123919
3108 3087 -0.00144281
3086 3109 0.00144281
3102 3109 -0.0014428
3108 3103 0.0014428
3112 3195 -0.00128214
3194 3113 0.00128214
3180 3113 -0.00140518
3112 3181 0.00140518
3194 3181 -0.0014539
3180 3195 0.0014539
3390 3395 -0.00145392
3394 3391 0.00145392
3392 3391 -0.00128214
3390 3393 0.00128214
3394 3393 -0.00140517
3392 3395 0.00140517
3390 3399 0.00149286
3398 3391 -0.00149286
3396 3391 0.00132661
3390 3397 -0.00132661
3398 3397 -0.00149285
3396 3399 0.00149285
3382 3401 0.00140519
3400 3383 -0.00140519
3396 3383 -0.00128214
3382 3397 0.00128214
3400 3397 0.00145392
3396 3401 -0.00145392
3372 3399 -0.00144283
3398 3373 0.00144283
3402 3373 0.00123918
3372 3403 -0.00123918
3398 3403 0.00144282
3402 3399 -0.00144282
3404 3401 0.00165483
3400 3405 -0.00165483
3352 3405 -0.00165483
3404 3353 0.00165483
3400 3353 0.00159345
3352 3401 -0.00159345
3404 3409 0.00171857
3408 3405 -0.00171857
3406 3405 0.00171857
3404 3407 -0.00171857
3408 3407 -0.00171856
3406 3409 0.00171856
3410 3395 0.00159345
3394 3411 -0.00159345
3406 3411 0.00165482
3410 3407 -0.00165482
3394 3407 -0.00165482
3406 3395 0.00165482
3412 3409 0.00165483
3408 3413 -0.00165483
3354 3413 -0.00159345
3412 3355 0.00159345
3408 3355 0.00165482
3354 3409 -0.00165482
3414 3363 0.00144279
3362 3415 -0.00144279
3416 3415 -0.00144278
3414 3417 0.00144278
3362 3417 0.00123914
3416 3363 -0.00123914
3414 3421 0.00149282
3420 3415 -0.00149282
3418 3415 0.00149282
3414 3419 -0.00149282
3420 3419 -0.00132658
3418 3421 0.00132658
3412 3369 -0.00140518
3368 3413 0.00140518
3418 3413 -0.00145391
3412 3419 0.00145391
3368 3419 -0.00128212
3418 3369 0.00128212
3410 3421 -0.00145391
3420 3411 0.00145391
3422 3411 0.00140517
3410 3423 -0.00140517
3420 3423 0.00128212
3422 3421 -0.00128212
3356 3305 0.00128214
3304 3357 -0.00128214
3354 3357 0.00145392
3356 3355 -0.00145392
3304 3355 -0.00140518
3354 3305 0.00140518
3356 3361 0.00132661
3360 3357 -0.00132661
3358 3357 0.00149285
3356 3359 -0.00149285
3360 3359 -0.00149285
3358 3361 0.00149285
3326 3313 -0.00123919
3312 3327 0.00123919
3358 3327 -0.00144283
3326 3359 0.00144283
3312 3359 -0.00144282
3358 3313 0.00144282
3316 3361 -0.00128214
3360 3317 0.00128214
3352 3317 -0.00140518
3316 3353 0.00140518
3360 3353 -0.00145392
3352 3361 0.00145392
2758 2763 -0.00171853
2762 2759 0.00171853
2760 2759 -0.00171852
2758 2761 0.00171852
2762 2761 -0.00171851
2760 2763 0.00171851
2758 2767 0.0016548
2766 2759 -0.0016548
2764 2759 0.00165479
2758 2765 -0.00165479
2766 2765 -0.00159341
2764 2767 0.00159341
2894 2899 -0.00144277
2898 2895 0.00144277
2896 2895 -0.00123913
2894 2897 0.00123913
2898 2897 -0.00144275
2896 2899 0.00144275
2900 2899 0.0014928
2898 2901 -0.0014928
2902 2901 -0.00132656
2900 2903 0.00132656
2898 2903 0.00149279
2902 2899 -0.00149279
2904 2767 0.00140516
2766 2905 -0.00140516
2902 2905 0.0012821
2904 2903 -0.0012821
2766 2903 -0.00145387
2902 2767 0.00145387
2900 2769 0.00145388
2768 2901 -0.00145388
2906 2901 0.0012821
2900 2907 -0.0012821
2768 2907 -0.00140514
2906 2769 0.00140514
2770 2773 -0.00128211
2772 2771 0.00128211
2764 2771 0.00140515
2770 2765 -0.00140515
2772 2765 0.00145388
2764 2773 -0.00145388
2774 2773 0.00132658
2772 2775 -0.00132658
2776 2775 -0.0014928
2774 2777 0.0014928
2772 2777 0.0014928
2776 2773 -0.0014928
2778 2153 0.00123914
2152 2779 -0.00123914
2776 2779 0.00144277
2778 2777 -0.00144277
2152 2777 -0.00144276
2776 2153 0.00144276
2774 2783 0.00128211
2782 2775 -0.00128211
2780 2775 0.00145388
2774 2781 -0.00145388
2782 2781 -0.00140515
2780 2783 0.00140515
2896 2911 0.00144274
2910 2897 -0.00144274
2908 2897 0.00123912
2896 2909 -0.00123912
2910 2909 -0.00144275
2908 2911 0.00144275
2912 2911 0.00149278
2910 2913 -0.00149278
2914 2913 -0.00132656
2912 2915 0.00132656
2910 2915 0.00149278
2914 2911 -0.00149278
2912 2919 0.00145387
2918 2913 -0.00145387
2916 2913 0.0012821
2912 2917 -0.0012821
2918 2917 -0.00140514
2916 2919 0.00140514
3196 3201 -0.00145387
3200 3197 0.00145387
3198 3197 -0.00140514
3196 3199 0.00140514
3200 3199 -0.0012821
3198 3201 0.0012821
3202 3201 0.00149279
3200 3203 -0.00149279
3204 3203 -0.00149281
3202 3205 0.00149281
3200 3205 0.00132657
3204 3201 -0.00132657
3206 3163 0.00140513
3162 3207 -0.00140513
3204 3207 0.00145388
3206 3205 -0.00145388
3162 3205 -0.0012821
3204 3163 0.0012821
3202 3157 -0.00144277
3156 3203 0.00144277
3208 3203 0.00144278
3202 3209 -0.00144278
3156 3209 0.00123914
3208 3157 -0.00123914
3206 3213 0.00165475
3212 3207 -0.00165475
3210 3207 0.0015934
3206 3211 -0.0015934
3212 3211 -0.00165475
3210 3213 0.00165475
2920 3213 0.00171849
3212 2921 -0.00171849
3214 2921 -0.00171851
2920 3215 0.00171851
3212 3215 0.00171849
3214 3213 -0.00171849
3196 3217 0.00159338
3216 3197 -0.00159338
3214 3197 -0.00165477
3196 3215 0.00165477
3216 3215 0.00165475
3214 3217 -0.00165475
2920 2925 0.00165475
2924 2921 -0.00165475
2922 2921 0.00165477
2920 2923 -0.00165477
2924 2923 -0.00159338
2922 2925 0.00159338
2908 2929 0.00144273
2928 2909 -0.00144273
2926 2909 0.00123912
2908 2927 -0.00123912
2928 2927 -0.00144273
2926 2929 0.00144273
2930 2929 0.00149276
2928 2931 -0.00149276
2932 2931 -0.00132655
2930 2933 0.00132655
2928 2933 0.00149276
2932 2929 -0.00149276
2916 2925 -0.00140512
2924 2917 0.00140512
2932 2917 -0.00128209
2916 2933 0.00128209
2924 2933 -0.00145384
2932 2925 0.00145384
2930 3217 -0.00145384
3216 2931 0.00145384
3218 2931 0.00128209
2930 3219 -0.00128209
3216 3219 0.00140512
3218 3217 -0.00140512
2934 2937 -0.0012821
2936 2935 0.0012821
2922 2935 0.00140514
2934 2923 -0.00140514
2936 2923 0.00145387
2922 2937 -0.00145387
2938 2937 0.00132657
2936 2939 -0.00132657
2508 2939 -0.00149281
2938 2509 0.00149281
2936 2509 0.00149279
2508 2937 -0.00149279
2938 3141 -0.0012821
3140 2939 0.0012821
3210 2939 -0.00145388
2938 3211 0.00145388
3140 3211 -0.00140513
3210 3141 0.00140513
3426 3431 -0.00145388
3430 3427 0.00145388
3428 3427 -0.00140515
3426 3429 0.00140515
3430 3429 -0.00128211
3428 3431 0.00128211
3432 3431 0.00149281
3430 3433 -0.00149281
3220 3433 -0.00149282
3432 3221 0.00149282
3430 3221 0.00132658
3220 3431 -0.00132658
3222 3191 0.00140515
3190 3223 -0.00140515
3220 3223 0.00145389
3222 3221 -0.00145389
3190 3221 -0.00128211
3220 3191 0.00128211
3432 3387 -0.00144279
3386 3433 0.00144279
3434 3433 0.00144279
3432 3435 -0.00144279
3386 3435 0.00123916
3434 3387 -0.00123916
3222 3227 0.00165477
3226 3223 -0.00165477
3224 3223 0.00159341
3222 3225 -0.00159341
3226 3225 -0.00165477
3224 3227 0.00165477
3228 3227 0.0017185
3226 3229 -0.0017185
3230 3229 -0.00171851
3228 3231 0.00171851
3226 3231 0.0017185
3230 3227 -0.0017185
3426 3437 0.0015934
3436 3427 -0.0015934
3230 3427 -0.00165477
3426 3231 0.00165477
3436 3231 0.00165476
3230 3437 -0.00165476
3228 3235 0.00165477
3234 3229 -0.00165477
3232 3229 0.00165477
3228 3233 -0.00165477
3234 3233 -0.0015934
3232 3235 0.0015934
2926 3441 0.00144275
3440 2927 -0.00144275
3438 2927 0.00123912
2926 3439 -0.00123912
3440 3439 -0.00144274
3438 3441 0.00144274
3442 3441 0.00149278
3440 3443 -0.00149278
3236 3443 -0.00132656
3442 3237 0.00132656
3440 3237 0.00149278
3236 3441 -0.00149278
3218 3235 -0.00140514
3234 3219 0.00140514
3236 3219 -0.0012821
3218 3237 0.0012821
3234 3237 -0.00145387
3236 3235 0.00145387
3442 3437 -0.00145386
3436 3443 0.00145386
3444 3443 0.00128209
3442 3445 -0.00128209
3436 3445 0.00140513
3444 3437 -0.00140513
3198 3239 0.00128211
3238 3199 -0.00128211
3232 3199 -0.00140515
3198 3233 0.00140515
3238 3233 0.00145388
3232 3239 -0.00145388
3240 3239 0.00132658
3238 3241 -0.00132658
3242 3241 -0.00149281
3240 3243 0.00149281
3238 3243 0.00149281
3242 3239 -0.00149281
3208 3177 -0.00123915
3176 3209 0.00123915
3242 3209 -0.00144278
3208 3243 0.00144278
3176 3243 -0.00144278
3242 3177 0.00144278
3240 3167 -0.00128211
3166 3241 0.00128211
3224 3241 -0.00145389
3240 3225 0.00145389
3166 3225 -0.00140514
3224 3167 0.00140514
3446 3449 -0.00145388
3448 3447 0.00145388
2770 3447 0.00140515
3446 2771 -0.00140515
3448 2771 0.00128211
2770 3449 -0.00128211
3424 3449 0.0014928
3448 3425 -0.0014928
3450 3425 -0.0014928
3424 3451 0.0014928
3448 3451 0.00132658
3450 3449 -0.00132658
3452 3423 0.00140515
3422 3453 -0.00140515
3450 3453 0.00145388
3452 3451 -0.00145388
3422 3451 -0.00128211
3450 3423 0.00128211
3424 3417 -0.00144276
3416 3425 0.00144276
2778 3425 -0.00144277
3424 2779 0.00144277
3416 2779 -0.00123914
2778 3417 0.00123914
3452 3457 0.00165477
3456 3453 -0.00165477
3454 3453 0.00159341
3452 3455 -0.00159341
3456 3455 -0.00165479
3454 3457 0.00165479
3458 3457 0.00171851
3456 3459 -0.00171851
3460 3459 -0.00171852
3458 3461 0.00171852
3456 3461 0.00171853
3460 3457 -0.00171853
3446 3463 0.00159341
3462 3447 -0.00159341
3460 3447 -0.00165479
3446 3461 0.00165479
3462 3461 0.0016548
3460 3463 -0.0016548
3458 3467 0.00165477
3466 3459 -0.00165477
3464 3459 0.00165478
3458 3465 -0.00165478
3466 3465 -0.00159342
3464 3467 0.00159342
3438 3469 0.00144275
3468 3439 -0.00144275
2894 3439 -0.00123913
3438 2895 0.00123913
3468 2895 0.00144277
2894 3469 -0.00144277
3470 3469 0.00149279
3468 3471 -0.00149279
3472 3471 -0.00132656
3470 3473 0.00132656
3468 3473 0.0014928
3472 3469 -0.0014928
3444 3467 -0.00140514
3466 3445 0.00140514
3472 3445 -0.0012821
3444 3473 0.0012821
3466 3473 -0.00145388
3472 3467 0.00145388
3470 3463 -0.00145387
3462 3471 0.00145387
2904 3471 -0.0012821
3470 2905 0.0012821
3462 2905 -0.00140516
2904 3463 0.00140516
3428 3475 0.00128212
3474 3429 -0.00128212
3464 3429 -0.00140515
3428 3465 0.00140515
3474 3465 0.0014539
3464 3475 -0.0014539
3476 3475 0.00132659
3474 3477 -0.00132659
3478 3477 -0.00149282
3476 3479 0.00149282
3474 3479 0.00149283
3478 3475 -0.00149283
3434 3403 -0.00123917
3402 3435 0.00123917
3478 3435 -0.0014428
3434 3479 0.0014428
3402 3479 -0.00144281
3478 3403 0.00144281
3476 3393 -0.00128212
3392 3477 0.00128212
3454 3477 -0.00145389
3476 3455 0.00145389
3392 3455 -0.00140516
3454 3393 0.00140516
1776 1781 -0.00035635
1780 1777 0.00035635
1778 1777 -0.000365533
1776 1779 0.000365533
1780 1779 -0.00032498
1778 1781 0.00032498
1782 1781 0.000358802
1780 1783 -0.000358802
1784 1783 -0.000371095
1782 1785 0.000371095
1780 1785 0.00032767
1784 1781 -0.00032767
1786 1789 -0.000353217
1788 1787 0.000353217
1784 1787 0.00036856
1786 1785 -0.00036856
1788 1785 0.000324787
1784 1789 -0.000324787
1782 1793 0.000355648
1792 1783 -0.000355648
1790 1783 0.000368048
1782 1791 -0.000368048
1792 1791 -0.000322122
1790 1793 0.000322122
1794 1797 -0.000378748
1796 1795 0.000378748
1790 1795 0.000375384
1794 1791 -0.000375384
1796 1791 0.00033634
1790 1797 -0.00033634
1798 1797 0.000381421
1796 1799 -0.000381421
1800 1799 -0.000381422
1798 1801 0.000381422
1796 1801 0.000339355
1800 1797 -0.000339355
1802 1805 -0.000375377
1804 1803 0.000375377
1800 1803 0.000378746
1802 1801 -0.000378746
1804 1801 0.000336338
1800 1805 -0.000336338
1798 1807 0.000378034
1806 1799 -0.000378034
1778 1799 -0.000378034
1798 1779 0.000378034
1806 1779 0.000333354
1778 1807 -0.000333354
1804 1757 -0.000642698
1756 1805 0.000642698
1808 1805 0.000603921
1804 1809 -0.000603921
1756 1809 0.00116437
1808 1757 -0.00116437
1806 1809 -0.000603927
1808 1807 0.000603927
1810 1807 0.00072881
1806 1811 -0.00072881
1808 1811 0.00132037
1810 1809 -0.00132037
1802 2091 0.000365883
2090 1803 -0.000365883
2088 1803 0.000362737
1802 2089 -0.000362737
2090 2089 -0.000313974
2088 2091 0.000313974
2092 2091 0.000368215
2090 2093 -0.000368215
2094 2093 -0.000368217
2092 2095 0.000368217
2090 2095 0.000316698
2094 2091 -0.000316698
1794 2097 0.000362741
2096 1795 -0.000362741
2094 1795 -0.000365888
1794 2095 0.000365888
2096 2095 0.000313976
2094 2097 -0.000313976
2092 2101 0.000365051
2100 2093 -0.000365051
2098 2093 0.000365052
2092 2099 -0.000365052
2100 2099 -0.000311278
2098 2101 0.000311278
1812 1811 0.000830143
1810 1813 -0.000830143
1814 1813 -0.000713333
1812 1815 0.000713333
1810 1815 0.00136919
1814 1811 -0.00136919
1816 1815 0.000713339
1814 1817 -0.000713339
1748 1817 0.000830149
1816 1749 -0.000830149
1814 1749 -0.00136919
1748 1815 0.00136919
1818 1821 -0.000436858
1820 1819 0.000436858
1816 1819 0.000432499
1818 1817 -0.000432499
1820 1817 0.000436862
1816 1821 -0.000436862
1822 1821 0.000441268
1820 1823 -0.000441268
1824 1823 -0.000441273
1822 1825 0.000441273
1820 1825 0.00044127
1824 1821 -0.00044127
1826 1829 -0.000432497
1828 1827 0.000432497
1824 1827 0.000436866
1826 1825 -0.000436866
1828 1825 0.000436861
1824 1829 -0.000436861
1822 1831 0.000436862
1830 1823 -0.000436862
1812 1823 -0.000436861
1822 1813 0.000436861
1830 1813 0.000432496
1812 1831 -0.000432496
1786 1835 0.000420145
1834 1787 -0.000420145
1832 1787 0.000400821
1786 1833 -0.000400821
1834 1833 -0.000420145
1832 1835 0.000420145
1836 1835 0.000424269
1834 1837 -0.000424269
1838 1837 -0.00040873
1836 1839 0.00040873
1834 1839 0.000424271
1838 1835 -0.000424271
1776 1831 -0.000416356
1830 1777 0.000416356
1838 1777 -0.000404756
1776 1839 0.000404756
1830 1839 -0.000420447
1838 1831 0.000420447
1836 1829 -0.000420442
1828 1837 0.000420442
1840 1837 0.000404754
1836 1841 -0.000404754
1828 1841 0.000416355
1840 1829 -0.000416355
1826 1845 0.000420449
1844 1827 -0.000420449
1842 1827 0.000416359
1826 1843 -0.000416359
1844 1843 -0.000404756
1842 1845 0.000404756
1846 1845 0.000424274
1844 1847 -0.000424274
1848 1847 -0.000424273
1846 1849 0.000424273
1844 1849 0.000408731
1848 1845 -0.000408731
1818 1851 0.000416353
1850 1819 -0.000416353
1848 1819 -0.000420444
1818 1849 0.000420444
1850 1849 0.000404751
1848 1851 -0.000404751
1846 1855 0.000420146
1854 1847 -0.000420146
1852 1847 0.000420147
1846 1853 -0.000420147
1854 1853 -0.000400818
1852 1855 0.000400818
1930 1935 -0.000313977
1934 1931 0.000313977
1932 1931 -0.000362741
1930 1933 0.000362741
1934 1933 -0.000365887
1932 1935 0.000365887
1936 1935 0.0003167
1934 1937 -0.0003167
1938 1937 -0.000368221
1936 1939 0.000368221
1934 1939 0.00036822
1938 1935 -0.00036822
1998 2001 -0.000311282
2000 1999 0.000311282
1938 1999 0.000365056
1998 1939 -0.000365056
2000 1939 0.000365058
1938 2001 -0.000365058
1936 1943 0.000313975
1942 1937 -0.000313975
1940 1937 0.000365888
1936 1941 -0.000365888
1942 1941 -0.000362739
1940 1943 0.000362739
1944 1947 -0.000336341
1946 1945 0.000336341
1940 1945 0.000375385
1944 1941 -0.000375385
1946 1941 0.000378748
1940 1947 -0.000378748
1948 1947 0.000339356
1946 1949 -0.000339356
1950 1949 -0.000381422
1948 1951 0.000381422
1946 1951 0.00038142
1950 1947 -0.00038142
1952 1955 -0.000333352
1954 1953 0.000333352
1950 1953 0.000378032
1952 1951 -0.000378032
1954 1951 0.000378032
1950 1955 -0.000378032
1948 1957 0.00033634
1956 1949 -0.00033634
1932 1949 -0.00037875
1948 1933 0.00037875
1956 1933 0.000375382
1932 1957 -0.000375382
1876 1879 -0.000324787
1878 1877 0.000324787
1852 1877 0.000353219
1876 1853 -0.000353219
1878 1853 0.000368556
1852 1879 -0.000368556
1958 1879 0.000327666
1878 1959 -0.000327666
1960 1959 -0.000358798
1958 1961 0.000358798
1878 1961 0.000371088
1960 1879 -0.000371088
1962 1957 0.00032212
1956 1963 -0.00032212
1960 1963 0.000355644
1962 1961 -0.000355644
1956 1961 -0.000368042
1960 1957 0.000368042
1958 1955 -0.000324978
1954 1959 0.000324978
1842 1959 -0.00035635
1958 1843 0.00035635
1954 1843 -0.000365532
1842 1955 0.000365532
1952 1965 0.000324981
1964 1953 -0.000324981
1840 1953 -0.000365532
1952 1841 0.000365532
1964 1841 0.000356353
1840 1965 -0.000356353
1966 1965 0.000327673
1964 1967 -0.000327673
1968 1967 -0.000371097
1966 1969 0.000371097
1964 1969 0.000358805
1968 1965 -0.000358805
1944 1971 0.000322123
1970 1945 -0.000322123
1968 1945 -0.000368049
1944 1969 0.000368049
1970 1969 0.000355648
1968 1971 -0.000355648
1966 1973 0.000324791
1972 1967 -0.000324791
1832 1967 -0.000368561
1966 1833 0.000368561
1972 1833 0.000353219
1832 1973 -0.000353219
1850 1741 -0.000729177
1740 1851 0.000729177
1856 1851 0.000598275
1850 1857 -0.000598275
1740 1857 0.00108841
1856 1741 -0.00108841
1854 1857 -0.000598278
1856 1855 0.000598278
1772 1855 -0.000704741
1854 1773 0.000704741
1856 1773 -0.00105193
1772 1857 0.00105193
2098 2105 0.00062106
2104 2099 -0.00062106
2102 2099 0.000600723
2098 2103 -0.000600723
2104 2103 -0.00119856
2102 2105 0.00119856
2088 2103 -0.00060072
2102 2089 0.00060072
2078 2089 -0.000723119
2088 2079 0.000723119
2102 2079 -0.00139552
2078 2103 0.00139552
1880 1885 -0.000356356
1884 1881 0.000356356
1882 1881 -0.000365533
1880 1883 0.000365533
1884 1883 -0.000324982
1882 1885 0.000324982
1886 1885 0.000358808
1884 1887 -0.000358808
1888 1887 -0.000371098
1886 1889 0.000371098
1884 1889 0.000327674
1888 1885 -0.000327674
1890 1893 -0.000353222
1892 1891 0.000353222
1888 1891 0.000368563
1890 1889 -0.000368563
1892 1889 0.000324792
1888 1893 -0.000324792
1886 2005 0.000355653
2004 1887 -0.000355653
2002 1887 0.000368048
1886 2003 -0.000368048
2004 2003 -0.000322124
2002 2005 0.000322124
2006 1975 -0.000378755
1974 2007 0.000378755
2002 2007 0.000375386
2006 2003 -0.000375386
1974 2003 0.000336343
2002 1975 -0.000336343
1894 1975 0.000381429
1974 1895 -0.000381429
1976 1895 -0.000381426
1894 1977 0.000381426
1974 1977 0.000339359
1976 1975 -0.000339359
1978 1981 -0.000375385
1980 1979 0.000375385
1976 1979 0.00037875
1978 1977 -0.00037875
1980 1977 0.000336341
1976 1981 -0.000336341
1894 1897 0.00037804
1896 1895 -0.00037804
1882 1895 -0.000378036
1894 1883 0.000378036
1896 1883 0.000333354
1882 1897 -0.000333354
1898 1901 -0.000368566
1900 1899 0.000368566
1876 1899 0.000353222
1898 1877 -0.000353222
1900 1877 0.000324794
1876 1901 -0.000324794
1902 1901 0.000371099
1900 1903 -0.000371099
1904 1903 -0.000358803
1902 1905 0.000358803
1900 1905 0.000327673
1904 1901 -0.000327673
1906 1897 0.000365537
1896 1907 -0.000365537
1904 1907 0.000356352
1906 1905 -0.000356352
1896 1905 -0.000324982
1904 1897 0.000324982
1902 1981 -0.000368048
1980 1903 0.000368048
1962 1903 -0.000355648
1902 1963 0.000355648
1980 1963 -0.000322121
1962 1981 0.000322121
1978 1983 0.00036589
1982 1979 -0.00036589
1930 1979 -0.000362743
1978 1931 0.000362743
1982 1931 0.000313978
1930 1983 -0.000313978
2008 1983 0.000368222
1982 2009 -0.000368222
2010 2009 -0.00036822
2008 2011 0.00036822
1982 2011 0.000316701
2010 1983 -0.000316701
2006 2013 0.000362747
2012 2007 -0.000362747
2010 2007 -0.00036589
2006 2011 0.00036589
2012 2011 0.000313979
2010 2013 -0.000313979
2008 2015 0.000365057
2014 2009 -0.000365057
1998 2009 -0.000365056
2008 1999 0.000365056
2014 1999 0.000311282
1998 2015 -0.000311282
1898 1775 -0.000799173
1774 1899 0.000799173
1908 1899 0.000713695
1898 1909 -0.000713695
1774 1909 0.00142298
1908 1775 -0.00142298
1906 1909 -0.000713693
1908 1907 0.000713693
1858 1907 -0.00082995
1906 1859 0.00082995
1908 1859 -0.00147778
1858 1909 0.00147778
1880 1861 -0.000829951
1860 1881 0.000829951
1910 1881 0.00071369
1880 1911 -0.00071369
1860 1911 0.00147778
1910 1861 -0.00147778
1890 1911 -0.000713692
1910 1891 0.000713692
1866 1891 -0.000799168
1890 1867 0.000799168
1910 1867 -0.00142297
1866 1911 0.00142297
2106 2083 0.000723133
2082 2107 -0.000723133
2108 2107 -0.000600727
2106 2109 0.000600727
2082 2109 0.00139554
2108 2083 -0.00139554
2110 2109 0.000600732
2108 2111 -0.000600732
2104 2111 0.000621068
2110 2105 -0.000621068
2108 2105 -0.00119856
2104 2109 0.00119856
2230 2235 -0.000324982
2234 2231 0.000324982
2232 2231 -0.00036554
2230 2233 0.00036554
2234 2233 -0.000356363
2232 2235 0.000356363
2236 2235 0.000327673
2234 2237 -0.000327673
2238 2237 -0.000371101
2236 2239 0.000371101
2234 2239 0.000358813
2238 2235 -0.000358813
2016 2241 -0.000322122
2240 2017 0.000322122
2238 2017 0.000368051
2016 2239 -0.000368051
2240 2239 0.000355657
2238 2241 -0.000355657
2236 2329 0.000324791
2328 2237 -0.000324791
2326 2237 0.000368565
2236 2327 -0.000368565
2328 2327 -0.000353226
2326 2329 0.000353226
2016 1985 0.000336341
1984 2017 -0.000336341
2018 2017 0.000375386
2016 2019 -0.000375386
1984 2019 -0.000378757
2018 1985 0.000378757
1986 1985 0.000339359
1984 1987 -0.000339359
1988 1987 -0.000381431
1986 1989 0.000381431
1984 1989 0.000381433
1988 1985 -0.000381433
2230 2243 0.000333353
2242 2231 -0.000333353
1988 2231 -0.00037804
2230 1989 0.00037804
2242 1989 0.000378043
1988 2243 -0.000378043
1986 1993 0.000336341
1992 1987 -0.000336341
1990 1987 0.000378755
1986 1991 -0.000378755
1992 1991 -0.000375389
1990 1993 0.000375389
1972 2247 0.000324792
2246 1973 -0.000324792
2244 1973 0.000353225
1972 2245 -0.000353225
2246 2245 -0.000368568
2244 2247 0.000368568
2248 2247 0.000327673
2246 2249 -0.000327673
1994 2249 -0.000358808
2248 1995 0.000358808
2246 1995 0.000371101
1994 2247 -0.000371101
1970 1993 -0.000322122
1992 1971 0.000322122
1994 1971 -0.000355652
1970 1995 0.000355652
1992 1995 -0.000368051
1994 1993 0.000368051
2248 2243 -0.000324982
2242 2249 0.000324982
2250 2249 0.000356358
2248 2251 -0.000356358
2242 2251 0.00036554
2250 2243 -0.00036554
1942 1997 0.000313976
1996 1943 -0.000313976
1990 1943 -0.000362744
1942 1991 0.000362744
1996 1991 0.000365895
1990 1997 -0.000365895
2020 1997 0.000316699
1996 2021 -0.000316699
2022 2021 -0.000368222
2020 2023 0.000368222
1996 2023 0.000368227
2022 1997 -0.000368227
2000 2025 0.000311284
2024 2001 -0.000311284
2022 2001 -0.000365063
2000 2023 0.000365063
2024 2023 0.000365064
2022 2025 -0.000365064
2020 2027 0.000313975
2026 2021 -0.000313975
2018 2021 -0.000365889
2020 2019 0.000365889
2026 2019 0.000362748
2018 2027 -0.000362748
2252 2255 -0.000420454
2254 2253 0.000420454
2250 2253 0.000416369
2252 2251 -0.000416369
2254 2251 0.000404766
2250 2255 -0.000404766
2256 2255 0.000424279
2254 2257 -0.000424279
2258 2257 -0.000424285
2256 2259 0.000424285
2254 2259 0.000408743
2258 2255 -0.000408743
2260 2263 -0.000416366
2262 2261 0.000416366
2258 2261 0.00042046
2260 2259 -0.00042046
2262 2259 0.000404769
2258 2263 -0.000404769
2256 2265 0.000420153
2264 2257 -0.000420153
2244 2257 -0.000420158
2256 2245 0.000420158
2264 2245 0.00040083
2244 2265 -0.00040083
2260 2269 0.000436876
2268 2261 -0.000436876
2266 2261 0.000432513
2260 2267 -0.000432513
2268 2267 -0.000436882
2266 2269 0.000436882
2270 2269 0.000441283
2268 2271 -0.000441283
2272 2271 -0.000441283
2270 2273 0.000441283
2268 2273 0.000441289
2272 2269 -0.000441289
2252 2275 0.000432511
2274 2253 -0.000432511
2272 2253 -0.000436876
2252 2273 0.000436876
2274 2273 0.00043688
2272 2275 -0.00043688
2270 2333 0.000436873
2332 2271 -0.000436873
2330 2271 0.000436874
2270 2331 -0.000436874
2332 2331 -0.000432514
2330 2333 0.000432514
2334 2337 -0.000420153
2336 2335 0.000420153
2326 2335 0.000400827
2334 2327 -0.000400827
2336 2327 0.000420158
2326 2337 -0.000420158
2276 2337 0.000424282
2336 2277 -0.000424282
2338 2277 -0.000408745
2276 2339 0.000408745
2336 2339 0.000424288
2338 2337 -0.000424288
2340 2333 0.000416368
2332 2341 -0.000416368
2338 2341 0.000404768
2340 2339 -0.000404768
2332 2339 -0.000420464
2338 2333 0.000420464
2276 2275 -0.000420459
2274 2277 0.000420459
2232 2277 -0.000404769
2276 2233 0.000404769
2274 2233 -0.000416375
2232 2275 0.000416375
2342 2345 -0.000404761
2344 2343 0.000404761
2330 2343 0.000416366
2342 2331 -0.000416366
2344 2331 0.000420459
2330 2345 -0.000420459
2278 2345 0.000408738
2344 2279 -0.000408738
2346 2279 -0.000424283
2278 2347 0.000424283
2344 2347 0.000424285
2346 2345 -0.000424285
2348 2351 -0.000400827
2350 2349 0.000400827
2346 2349 0.000420158
2348 2347 -0.000420158
2350 2347 0.000420159
2346 2351 -0.000420159
2278 2281 0.000404762
2280 2279 -0.000404762
2266 2279 -0.000420459
2278 2267 0.000420459
2280 2267 0.000416371
2266 2281 -0.000416371
2352 2357 -0.000365889
2356 2353 0.000365889
2354 2353 -0.000362748
2352 2355 0.000362748
2356 2355 -0.000313982
2354 2357 0.000313982
2572 2357 0.000368223
2356 2573 -0.000368223
2574 2573 -0.000368227
2572 2575 0.000368227
2356 2575 0.000316706
2574 2357 -0.000316706
2576 2579 -0.000362744
2578 2577 0.000362744
2574 2577 0.000365895
2576 2575 -0.000365895
2578 2575 0.000313983
2574 2579 -0.000313983
2572 2583 0.000365061
2582 2573 -0.000365061
2580 2573 0.000365061
2572 2581 -0.000365061
2582 2581 -0.000311286
2580 2583 0.000311286
2576 2359 0.000378756
2358 2577 -0.000378756
2584 2577 0.000375392
2576 2585 -0.000375392
2358 2585 -0.000336351
2584 2359 0.000336351
2360 2359 0.000381431
2358 2361 -0.000381431
2362 2361 -0.000381436
2360 2363 0.000381436
2358 2363 0.00033937
2362 2359 -0.00033937
2352 2365 0.000375386
2364 2353 -0.000375386
2362 2353 -0.00037876
2352 2363 0.00037876
2364 2363 0.000336351
2362 2365 -0.000336351
2360 2369 0.000378038
2368 2361 -0.000378038
2366 2361 0.000378042
2360 2367 -0.000378042
2368 2367 -0.000333358
2366 2369 0.000333358
2348 2373 0.000368564
2372 2349 -0.000368564
2370 2349 0.000353226
2348 2371 -0.000353226
2372 2371 -0.000324796
2370 2373 0.000324796
2374 2373 0.000371097
2372 2375 -0.000371097
2376 2375 -0.000358808
2374 2377 0.000358808
2372 2377 0.000327676
2376 2373 -0.000327676
2342 2369 -0.000365535
2368 2343 0.000365535
2376 2343 -0.000356357
2342 2377 0.000356357
2368 2377 -0.000324985
2376 2369 0.000324985
2374 2365 -0.00036805
2364 2375 0.00036805
2378 2375 0.000355657
2374 2379 -0.000355657
2364 2379 0.000322131
2378 2365 -0.000322131
2340 2381 0.000356355
2380 2341 -0.000356355
2366 2341 -0.00036554
2340 2367 0.00036554
2380 2367 0.000324986
2366 2381 -0.000324986
2382 2381 0.000358804
2380 2383 -0.000358804
2384 2383 -0.000371097
2382 2385 0.000371097
2380 2385 0.000327675
2384 2381 -0.000327675
2334 2387 0.000353222
2386 2335 -0.000353222
2384 2335 -0.000368564
2334 2385 0.000368564
2386 2385 0.000324795
2384 2387 -0.000324795
2382 2587 0.00035565
2586 2383 -0.00035565
2584 2383 -0.000368052
2382 2585 0.000368052
2586 2585 0.00032213
2584 2587 -0.00032213
2282 2287 -0.000368049
2286 2283 0.000368049
2284 2283 -0.000322125
2282 2285 0.000322125
2286 2285 -0.000355658
2284 2287 0.000355658
2288 2287 0.0003711
2286 2289 -0.0003711
2290 2289 -0.000327677
2288 2291 0.000327677
2286 2291 0.000358814
2290 2287 -0.000358814
2292 2281 0.000365536
2280 2293 -0.000365536
2290 2293 0.000324985
2292 2291 -0.000324985
2280 2291 -0.000356362
2290 2281 0.000356362
2288 2351 -0.000368564
2350 2289 0.000368564
2388 2289 0.000324795
2288 2389 -0.000324795
2350 2389 0.000353228
2388 2351 -0.000353228
2292 2297 0.000378037
2296 2293 -0.000378037
2294 2293 0.000333359
2292 2295 -0.000333359
2296 2295 -0.000378045
2294 2297 0.000378045
2298 2297 0.000381427
2296 2299 -0.000381427
2300 2299 -0.000339363
2298 2301 0.000339363
2296 2301 0.000381433
2300 2297 -0.000381433
2282 2113 0.000375385
2112 2283 -0.000375385
2300 2283 -0.000336345
2282 2301 0.000336345
2112 2301 0.000378759
2300 2113 -0.000378759
2298 2115 0.000378752
2114 2299 -0.000378752
2302 2299 0.000336345
2298 2303 -0.000336345
2114 2303 -0.00037539
2302 2115 0.00037539
2100 2119 0.000365057
2118 2101 -0.000365057
2116 2101 0.000311282
2100 2117 -0.000311282
2118 2117 -0.000365064
2116 2119 0.000365064
2120 2119 0.000368222
2118 2121 -0.000368222
2122 2121 -0.000316704
2120 2123 0.000316704
2118 2123 0.000368229
2122 2119 -0.000368229
2096 2115 -0.000362743
2114 2097 0.000362743
2122 2097 -0.000313981
2096 2123 0.000313981
2114 2123 -0.000365896
2122 2115 0.000365896
2120 2113 -0.000365889
2112 2121 0.000365889
2124 2121 0.000313981
2120 2125 -0.000313981
2112 2125 0.000362751
2124 2113 -0.000362751
1792 2305 0.00035565
2304 1793 -0.00035565
2302 1793 -0.000322125
1792 2303 0.000322125
2304 2303 0.000368053
2302 2305 -0.000368053
2306 2305 0.000358804
2304 2307 -0.000358804
2308 2307 -0.000327673
2306 2309 0.000327673
2304 2309 0.000371101
2308 2305 -0.000371101
1788 2265 -0.000353219
2264 1789 0.000353219
2308 1789 -0.000324791
1788 2309 0.000324791
2264 2309 -0.000368566
2308 2265 0.000368566
2306 2263 -0.000356354
2262 2307 0.000356354
2294 2307 -0.000324985
2306 2295 0.000324985
2262 2295 -0.000365544
2294 2263 0.000365544
1912 1869 0.00070476
1868 1913 -0.00070476
1914 1913 -0.000598292
1912 1915 0.000598292
1868 1915 0.00105194
1914 1869 -0.00105194
1916 1915 0.00059829
1914 1917 -0.00059829
1874 1917 0.0007292
1916 1875 -0.0007292
1914 1875 -0.00108843
1874 1915 0.00108843
1918 1921 -0.000420459
1920 1919 0.000420459
1916 1919 0.000416369
1918 1917 -0.000416369
1920 1917 0.000404767
1916 1921 -0.000404767
1922 1921 0.000424285
1920 1923 -0.000424285
1924 1923 -0.000424286
1922 1925 0.000424286
1920 1925 0.000408744
1924 1921 -0.000408744
2028 2031 -0.00041637
2030 2029 0.00041637
1924 2029 0.000420462
2028 1925 -0.000420462
2030 1925 0.000404768
1924 2031 -0.000404768
1922 1927 0.000420158
1926 1923 -0.000420158
1912 1923 -0.000420159
1922 1913 0.000420159
1926 1913 0.000400831
1912 1927 -0.000400831
2028 2439 0.00043688
2438 2029 -0.00043688
2436 2029 0.000432516
2028 2437 -0.000432516
2438 2437 -0.000436881
2436 2439 0.000436881
2440 2439 0.000441288
2438 2441 -0.000441288
2442 2441 -0.000441287
2440 2443 0.000441287
2438 2443 0.000441288
2442 2439 -0.000441288
1918 2445 0.000432514
2444 1919 -0.000432514
2442 1919 -0.000436877
1918 2443 0.000436877
2444 2443 0.00043688
2442 2445 -0.00043688
2440 2449 0.000436877
2448 2441 -0.000436877
2446 2441 0.000436879
2440 2447 -0.000436879
2448 2447 -0.000432514
2446 2449 0.000432514
2444 2429 -0.000830179
2428 2445 0.000830179
2450 2445 0.000713362
2444 2451 -0.000713362
2428 2451 0.00136924
2450 2429 -0.00136924
2448 2451 -0.000713358
2450 2449 0.000713358
2452 2449 0.00083017
2448 2453 -0.00083017
2450 2453 0.00136923
2452 2451 -0.00136923
2454 2457 -0.000404766
2456 2455 0.000404766
2446 2455 0.000416372
2454 2447 -0.000416372
2456 2447 0.000420461
2446 2457 -0.000420461
2458 2457 0.00040874
2456 2459 -0.00040874
2460 2459 -0.000424284
2458 2461 0.000424284
2456 2461 0.000424285
2460 2457 -0.000424285
2462 2465 -0.000400828
2464 2463 0.000400828
2460 2463 0.000420157
2462 2461 -0.000420157
2464 2461 0.000420159
2460 2465 -0.000420159
2458 2467 0.000404765
2466 2459 -0.000404765
2436 2459 -0.00042046
2458 2437 0.00042046
2466 2437 0.000416372
2436 2467 -0.000416372
2510 2515 -0.000365895
2514 2511 0.000365895
2512 2511 -0.000362753
2510 2513 0.000362753
2514 2513 -0.000313985
2512 2515 0.000313985
2516 2515 0.000368226
2514 2517 -0.000368226
2518 2517 -0.000368228
2516 2519 0.000368228
2514 2519 0.000316707
2518 2515 -0.000316707
2520 2523 -0.000362746
2522 2521 0.000362746
2518 2521 0.000365895
2520 2519 -0.000365895
2522 2519 0.000313983
2518 2523 -0.000313983
2516 2527 0.000365062
2526 2517 -0.000365062
2524 2517 0.000365063
2516 2525 -0.000365063
2526 2525 -0.000311287
2524 2527 0.000311287
2520 2531 0.000378759
2530 2521 -0.000378759
2528 2521 0.000375392
2520 2529 -0.000375392
2530 2529 -0.000336352
2528 2531 0.000336352
2468 2531 0.000381434
2530 2469 -0.000381434
2532 2469 -0.000381436
2468 2533 0.000381436
2530 2533 0.00033937
2532 2531 -0.00033937
2510 2535 0.000375394
2534 2511 -0.000375394
2532 2511 -0.000378763
2510 2533 0.000378763
2534 2533 0.000336353
2532 2535 -0.000336353
2468 2473 0.000378041
2472 2469 -0.000378041
2470 2469 0.000378043
2468 2471 -0.000378043
2472 2471 -0.000333359
2470 2473 0.000333359
2462 2477 0.000368564
2476 2463 -0.000368564
2474 2463 0.000353227
2462 2475 -0.000353227
2476 2475 -0.000324796
2474 2477 0.000324796
2478 2477 0.000371099
2476 2479 -0.000371099
2480 2479 -0.000358811
2478 2481 0.000358811
2476 2481 0.000327677
2480 2477 -0.000327677
2454 2473 -0.00036554
2472 2455 0.00036554
2480 2455 -0.000356362
2454 2481 0.000356362
2472 2481 -0.000324987
2480 2473 0.000324987
2478 2535 -0.000368055
2534 2479 0.000368055
2536 2479 0.000355656
2478 2537 -0.000355656
2534 2537 0.000322131
2536 2535 -0.000322131
2470 2453 -0.000728828
2452 2471 0.000728828
2482 2471 0.000603939
2470 2483 -0.000603939
2452 2483 0.0013204
2482 2453 -0.0013204
2528 2483 -0.000603941
2482 2529 0.000603941
2502 2529 -0.00064272
2528 2503 0.00064272
2482 2503 -0.00116439
2502 2483 0.00116439
2032 2487 -0.000368055
2486 2033 0.000368055
2484 2033 -0.000322132
2032 2485 0.000322132
2486 2485 -0.000355661
2484 2487 0.000355661
2488 2487 0.000371102
2486 2489 -0.000371102
2490 2489 -0.000327679
2488 2491 0.000327679
2486 2491 0.000358814
2490 2487 -0.000358814
2034 2467 0.00036554
2466 2035 -0.00036554
2490 2035 0.000324988
2034 2491 -0.000324988
2466 2491 -0.000356363
2490 2467 0.000356363
2488 2465 -0.000368567
2464 2489 0.000368567
2492 2489 0.000324796
2488 2493 -0.000324796
2464 2493 0.000353228
2492 2465 -0.000353228
2034 2039 0.000378042
2038 2035 -0.000378042
2036 2035 0.000333359
2034 2037 -0.000333359
2038 2037 -0.000378043
2036 2039 0.000378043
2040 2039 0.000381433
2038 2041 -0.000381433
2042 2041 -0.000339367
2040 2043 0.000339367
2038 2043 0.000381434
2042 2039 -0.000381434
2032 2045 0.000375391
2044 2033 -0.000375391
2042 2033 -0.000336349
2032 2043 0.000336349
2044 2043 0.000378761
2042 2045 -0.000378761
2040 2049 0.000378759
2048 2041 -0.000378759
2046 2041 0.00033635
2040 2047 -0.00033635
2048 2047 -0.000375394
2046 2049 0.000375394
2014 2053 0.000365062
2052 2015 -0.000365062
2050 2015 0.000311285
2014 2051 -0.000311285
2052 2051 -0.000365065
2050 2053 0.000365065
2054 2053 0.000368228
2052 2055 -0.000368228
2056 2055 -0.000316707
2054 2057 0.000316707
2052 2057 0.000368231
2056 2053 -0.000368231
2012 2049 -0.000362749
2048 2013 0.000362749
2056 2013 -0.000313984
2012 2057 0.000313984
2048 2057 -0.000365898
2056 2049 0.000365898
2054 2045 -0.000365895
2044 2055 0.000365895
2058 2055 0.000313984
2054 2059 -0.000313984
2044 2059 0.000362752
2058 2045 -0.000362752
2004 2061 0.000355654
2060 2005 -0.000355654
2046 2005 -0.000322129
2004 2047 0.000322129
2060 2047 0.000368055
2046 2061 -0.000368055
2062 2061 0.000358808
2060 2063 -0.000358808
1928 2063 -0.000327676
2062 1929 0.000327676
2060 1929 0.000371101
1928 2061 -0.000371101
1892 1927 -0.000353224
1926 1893 0.000353224
1928 1893 -0.000324794
1892 1929 0.000324794
1926 1929 -0.000368568
1928 1927 0.000368568
2062 2031 -0.000356358
2030 2063 0.000356358
2036 2063 -0.000324986
2062 2037 0.000324986
2030 2037 -0.000365541
2036 2031 0.000365541
2784 2783 0.00070476
2782 2785 -0.00070476
2154 2785 -0.000598292
2784 2155 0.000598292
2782 2155 0.00105194
2154 2783 -0.00105194
2156 2155 0.00059829
2154 2157 -0.00059829
2144 2157 0.0007292
2156 2145 -0.0007292
2154 2145 -0.00108843
2144 2155 0.00108843
2158 2151 0.000830179
2150 2159 -0.000830179
2160 2159 -0.000713362
2158 2161 0.000713362
2150 2161 0.00136924
2160 2151 -0.00136924
2162 2161 0.000713358
2160 2163 -0.000713358
2164 2163 -0.00083017
2162 2165 0.00083017
2160 2165 0.00136923
2164 2161 -0.00136923
2166 2169 -0.000436879
2168 2167 0.000436879
2162 2167 0.000432514
2166 2163 -0.000432514
2168 2163 0.000436877
2162 2169 -0.000436877
2170 2169 0.000441287
2168 2171 -0.000441287
2172 2171 -0.000441288
2170 2173 0.000441288
2168 2173 0.000441288
2172 2169 -0.000441288
2174 2177 -0.000432516
2176 2175 0.000432516
2172 2175 0.000436881
2174 2173 -0.000436881
2176 2173 0.00043688
2172 2177 -0.00043688
2170 2179 0.000436877
2178 2171 -0.000436877
2158 2171 -0.00043688
2170 2159 0.00043688
2178 2159 0.000432514
2158 2179 -0.000432514
2784 2181 0.000420159
2180 2785 -0.000420159
2786 2785 0.000400831
2784 2787 -0.000400831
2180 2787 -0.000420158
2786 2181 0.000420158
2182 2181 0.000424286
2180 2183 -0.000424286
2184 2183 -0.000408744
2182 2185 0.000408744
2180 2185 0.000424285
2184 2181 -0.000424285
2156 2179 -0.000416369
2178 2157 0.000416369
2184 2157 -0.000404767
2156 2185 0.000404767
2178 2185 -0.000420459
2184 2179 0.000420459
2182 2177 -0.000420462
2176 2183 0.000420462
2186 2183 0.000404768
2182 2187 -0.000404768
2176 2187 0.00041637
2186 2177 -0.00041637
2174 2191 0.00042046
2190 2175 -0.00042046
2188 2175 0.000416372
2174 2189 -0.000416372
2190 2189 -0.000404765
2188 2191 0.000404765
2192 2191 0.000424284
2190 2193 -0.000424284
2194 2193 -0.000424285
2192 2195 0.000424285
2190 2195 0.00040874
2194 2191 -0.00040874
2166 2197 0.000416372
2196 2167 -0.000416372
2194 2167 -0.000420461
2166 2195 0.000420461
2196 2195 0.000404766
2194 2197 -0.000404766
2192 2393 0.000420157
2392 2193 -0.000420157
2390 2193 0.000420159
2192 2391 -0.000420159
2392 2391 -0.000400828
2390 2393 0.000400828
2354 2397 0.000313984
2396 2355 -0.000313984
2394 2355 0.000362752
2354 2395 -0.000362752
2396 2395 -0.000365895
2394 2397 0.000365895
2788 2397 0.000316707
2396 2789 -0.000316707
2790 2789 -0.000368231
2788 2791 0.000368231
2396 2791 0.000368228
2790 2397 -0.000368228
2580 2793 0.000311285
2792 2581 -0.000311285
2790 2581 -0.000365065
2580 2791 0.000365065
2792 2791 0.000365062
2790 2793 -0.000365062
2788 2797 0.000313984
2796 2789 -0.000313984
2794 2789 0.000365898
2788 2795 -0.000365898
2796 2795 -0.000362749
2794 2797 0.000362749
2798 2199 -0.00033635
2198 2799 0.00033635
2794 2799 0.000375394
2798 2795 -0.000375394
2198 2795 0.000378759
2794 2199 -0.000378759
2200 2199 0.000339367
2198 2201 -0.000339367
2202 2201 -0.000381434
2200 2203 0.000381434
2198 2203 0.000381433
2202 2199 -0.000381433
2204 2207 -0.000333359
2206 2205 0.000333359
2202 2205 0.000378043
2204 2203 -0.000378043
2206 2203 0.000378042
2202 2207 -0.000378042
2200 2399 0.000336349
2398 2201 -0.000336349
2394 2201 -0.000378761
2200 2395 0.000378761
2398 2395 0.000375391
2394 2399 -0.000375391
2370 2401 0.000324796
2400 2371 -0.000324796
2390 2371 -0.000353228
2370 2391 0.000353228
2400 2391 0.000368567
2390 2401 -0.000368567
2208 2401 0.000327679
2400 2209 -0.000327679
2402 2209 -0.000358814
2208 2403 0.000358814
2400 2403 0.000371102
2402 2401 -0.000371102
2378 2399 -0.000322132
2398 2379 0.000322132
2402 2379 -0.000355661
2378 2403 0.000355661
2398 2403 -0.000368055
2402 2399 0.000368055
2208 2207 -0.000324988
2206 2209 0.000324988
2188 2209 -0.000356363
2208 2189 0.000356363
2206 2189 -0.00036554
2188 2207 0.00036554
2204 2211 0.000324986
2210 2205 -0.000324986
2186 2205 -0.000365541
2204 2187 0.000365541
2210 2187 0.000356358
2186 2211 -0.000356358
2800 2211 0.000327676
2210 2801 -0.000327676
2802 2801 -0.000371101
2800 2803 0.000371101
2210 2803 0.000358808
2802 2211 -0.000358808
2798 2805 0.000322129
2804 2799 -0.000322129
2802 2799 -0.000368055
2798 2803 0.000368055
2804 2803 0.000355654
2802 2805 -0.000355654
2800 2807 0.000324794
2806 2801 -0.000324794
2786 2801 -0.000368568
2800 2787 0.000368568
2806 2787 0.000353224
2786 2807 -0.000353224
2284 2311 0.000355656
2310 2285 -0.000355656
2212 2285 0.000322131
2284 2213 -0.000322131
2310 2213 -0.000368055
2212 2311 0.000368055
2214 2311 0.000358811
2310 2215 -0.000358811
2312 2215 -0.000327677
2214 2313 0.000327677
2310 2313 0.000371099
2312 2311 -0.000371099
2388 2393 -0.000353227
2392 2389 0.000353227
2312 2389 -0.000324796
2388 2313 0.000324796
2392 2313 -0.000368564
2312 2393 0.000368564
2214 2197 -0.000356362
2196 2215 0.000356362
2216 2215 0.000324987
2214 2217 -0.000324987
2196 2217 0.00036554
2216 2197 -0.00036554
2218 2221 -0.000378043
2220 2219 0.000378043
2216 2219 0.000333359
2218 2217 -0.000333359
2220 2217 0.000378041
2216 2221 -0.000378041
2222 2221 0.000381436
2220 2223 -0.000381436
2224 2223 -0.00033937
2222 2225 0.00033937
2220 2225 0.000381434
2224 2221 -0.000381434
2226 2127 -0.000375392
2126 2227 0.000375392
2224 2227 0.000336352
2226 2225 -0.000336352
2126 2225 0.000378759
2224 2127 -0.000378759
2222 2129 0.000378763
2128 2223 -0.000378763
2212 2223 -0.000336353
2222 2213 0.000336353
2128 2213 0.000375394
2212 2129 -0.000375394
2116 2131 0.000365063
2130 2117 -0.000365063
2110 2117 -0.000311287
2116 2111 0.000311287
2130 2111 0.000365062
2110 2131 -0.000365062
2132 2131 0.000368228
2130 2133 -0.000368228
2134 2133 -0.000316707
2132 2135 0.000316707
2130 2135 0.000368226
2134 2131 -0.000368226
2124 2129 -0.000362753
2128 2125 0.000362753
2134 2125 -0.000313985
2124 2135 0.000313985
2128 2135 -0.000365895
2134 2129 0.000365895
2132 2127 -0.000365895
2126 2133 0.000365895
2106 2133 -0.000313983
2132 2107 0.000313983
2126 2107 -0.000362746
2106 2127 0.000362746
2218 2165 -0.000728828
2164 2219 0.000728828
2228 2219 0.000603939
2218 2229 -0.000603939
2164 2229 0.0013204
2228 2165 -0.0013204
2226 2229 -0.000603941
2228 2227 0.000603941
2138 2227 -0.00064272
2226 2139 0.00064272
2228 2139 -0.00116439
2138 2229 0.00116439
2588 2593 -0.000356358
2592 2589 0.000356358
2590 2589 -0.00036554
2588 2591 0.00036554
2592 2591 -0.000324982
2590 2593 0.000324982
2594 2593 0.000358808
2592 2595 -0.000358808
2596 2595 -0.000371101
2594 2597 0.000371101
2592 2597 0.000327673
2596 2593 -0.000327673
2598 2601 -0.000353225
2600 2599 0.000353225
2596 2599 0.000368568
2598 2597 -0.000368568
2600 2597 0.000324792
2596 2601 -0.000324792
2594 2605 0.000355652
2604 2595 -0.000355652
2602 2595 0.000368051
2594 2603 -0.000368051
2604 2603 -0.000322122
2602 2605 0.000322122
2606 2609 -0.000378755
2608 2607 0.000378755
2602 2607 0.000375389
2606 2603 -0.000375389
2608 2603 0.000336341
2602 2609 -0.000336341
2610 2609 0.000381431
2608 2611 -0.000381431
2612 2611 -0.000381433
2610 2613 0.000381433
2608 2613 0.000339359
2612 2609 -0.000339359
2614 2617 -0.000375386
2616 2615 0.000375386
2612 2615 0.000378757
2614 2613 -0.000378757
2616 2613 0.000336341
2612 2617 -0.000336341
2610 2619 0.00037804
2618 2611 -0.00037804
2590 2611 -0.000378043
2610 2591 0.000378043
2618 2591 0.000333353
2590 2619 -0.000333353
2404 2407 -0.000368565
2406 2405 0.000368565
2386 2405 0.000353226
2404 2387 -0.000353226
2406 2387 0.000324791
2386 2407 -0.000324791
2620 2407 0.000371101
2406 2621 -0.000371101
2622 2621 -0.000358813
2620 2623 0.000358813
2406 2623 0.000327673
2622 2407 -0.000327673
2624 2619 0.00036554
2618 2625 -0.00036554
2622 2625 0.000356363
2624 2623 -0.000356363
2618 2623 -0.000324982
2622 2619 0.000324982
2620 2617 -0.000368051
2616 2621 0.000368051
2586 2621 -0.000355657
2620 2587 0.000355657
2616 2587 -0.000322122
2586 2617 0.000322122
2614 2627 0.000365889
2626 2615 -0.000365889
2578 2615 -0.000362748
2614 2579 0.000362748
2626 2579 0.000313975
2578 2627 -0.000313975
2628 2627 0.000368222
2626 2629 -0.000368222
2630 2629 -0.000368227
2628 2631 0.000368227
2626 2631 0.000316699
2630 2627 -0.000316699
2606 2633 0.000362744
2632 2607 -0.000362744
2630 2607 -0.000365895
2606 2631 0.000365895
2632 2631 0.000313976
2630 2633 -0.000313976
2628 2635 0.000365063
2634 2629 -0.000365063
2582 2629 -0.000365064
2628 2583 0.000365064
2634 2583 0.000311284
2582 2635 -0.000311284
2624 2409 0.000404769
2408 2625 -0.000404769
2636 2625 0.000416375
2624 2637 -0.000416375
2408 2637 -0.000420459
2636 2409 0.000420459
2410 2409 0.000408745
2408 2411 -0.000408745
2412 2411 -0.000424288
2410 2413 0.000424288
2408 2413 0.000424282
2412 2409 -0.000424282
2404 2415 0.000400827
2414 2405 -0.000400827
2412 2405 -0.000420158
2404 2413 0.000420158
2414 2413 0.000420153
2412 2415 -0.000420153
2410 2419 0.000404768
2418 2411 -0.000404768
2416 2411 0.000420464
2410 2417 -0.000420464
2418 2417 -0.000416368
2416 2419 0.000416368
2638 2641 -0.000436874
2640 2639 0.000436874
2416 2639 0.000432514
2638 2417 -0.000432514
2640 2417 0.000436873
2416 2641 -0.000436873
2642 2641 0.000441283
2640 2643 -0.000441283
2644 2643 -0.000441289
2642 2645 0.000441289
2640 2645 0.000441283
2644 2641 -0.000441283
2646 2649 -0.000432513
2648 2647 0.000432513
2644 2647 0.000436882
2646 2645 -0.000436882
2648 2645 0.000436876
2644 2649 -0.000436876
2642 2651 0.000436876
2650 2643 -0.000436876
2636 2643 -0.00043688
2642 2637 0.00043688
2650 2637 0.000432511
2636 2651 -0.000432511
2598 2655 0.000420158
2654 2599 -0.000420158
2652 2599 0.00040083
2598 2653 -0.00040083
2654 2653 -0.000420153
2652 2655 0.000420153
2656 2655 0.000424285
2654 2657 -0.000424285
2658 2657 -0.000408743
2656 2659 0.000408743
2654 2659 0.000424279
2658 2655 -0.000424279
2588 2651 -0.000416369
2650 2589 0.000416369
2658 2589 -0.000404766
2588 2659 0.000404766
2650 2659 -0.000420454
2658 2651 0.000420454
2656 2649 -0.00042046
2648 2657 0.00042046
2660 2657 0.000404769
2656 2661 -0.000404769
2648 2661 0.000416366
2660 2649 -0.000416366
2646 2665 0.000420459
2664 2647 -0.000420459
2662 2647 0.000416371
2646 2663 -0.000416371
2664 2663 -0.000404762
2662 2665 0.000404762
2666 2665 0.000424283
2664 2667 -0.000424283
2668 2667 -0.000424285
2666 2669 0.000424285
2664 2669 0.000408738
2668 2665 -0.000408738
2638 2671 0.000416366
2670 2639 -0.000416366
2668 2639 -0.000420459
2638 2669 0.000420459
2670 2669 0.000404761
2668 2671 -0.000404761
2666 2675 0.000420158
2674 2667 -0.000420158
2672 2667 0.000420159
2666 2673 -0.000420159
2674 2673 -0.000400827
2672 2675 0.000400827
2512 2541 0.000313981
2540 2513 -0.000313981
2538 2513 0.000362751
2512 2539 -0.000362751
2540 2539 -0.000365889
2538 2541 0.000365889
2542 2541 0.000316704
2540 2543 -0.000316704
2544 2543 -0.000368229
2542 2545 0.000368229
2540 2545 0.000368222
2544 2541 -0.000368222
2524 2547 0.000311282
2546 2525 -0.000311282
2544 2525 -0.000365064
2524 2545 0.000365064
2546 2545 0.000365057
2544 2547 -0.000365057
2542 2551 0.000313981
2550 2543 -0.000313981
2548 2543 0.000365896
2542 2549 -0.000365896
2550 2549 -0.000362743
2548 2551 0.000362743
2680 2683 -0.000336345
2682 2681 0.000336345
2548 2681 0.00037539
2680 2549 -0.00037539
2682 2549 0.000378752
2548 2683 -0.000378752
2684 2683 0.000339363
2682 2685 -0.000339363
2686 2685 -0.000381433
2684 2687 0.000381433
2682 2687 0.000381427
2686 2683 -0.000381427
2688 2691 -0.000333359
2690 2689 0.000333359
2686 2689 0.000378045
2688 2687 -0.000378045
2690 2687 0.000378037
2686 2691 -0.000378037
2684 2693 0.000336345
2692 2685 -0.000336345
2538 2685 -0.000378759
2684 2539 0.000378759
2692 2539 0.000375385
2538 2693 -0.000375385
2474 2695 0.000324795
2694 2475 -0.000324795
2672 2475 -0.000353228
2474 2673 0.000353228
2694 2673 0.000368564
2672 2695 -0.000368564
2696 2695 0.000327677
2694 2697 -0.000327677
2698 2697 -0.000358814
2696 2699 0.000358814
2694 2699 0.0003711
2698 2695 -0.0003711
2536 2693 -0.000322125
2692 2537 0.000322125
2698 2537 -0.000355658
2536 2699 0.000355658
2692 2699 -0.000368049
2698 2693 0.000368049
2696 2691 -0.000324985
2690 2697 0.000324985
2662 2697 -0.000356362
2696 2663 0.000356362
2690 2663 -0.000365536
2662 2691 0.000365536
2688 2701 0.000324985
2700 2689 -0.000324985
2660 2689 -0.000365544
2688 2661 0.000365544
2700 2661 0.000356354
2660 2701 -0.000356354
2702 2701 0.000327673
2700 2703 -0.000327673
2704 2703 -0.000371101
2702 2705 0.000371101
2700 2705 0.000358804
2704 2701 -0.000358804
2680 2707 0.000322125
2706 2681 -0.000322125
2704 2681 -0.000368053
2680 2705 0.000368053
2706 2705 0.00035565
2704 2707 -0.00035565
2702 2709 0.000324791
2708 2703 -0.000324791
2652 2703 -0.000368566
2702 2653 0.000368566
2708 2653 0.000353219
2652 2709 -0.000353219
2484 2495 0.000355657
2494 2485 -0.000355657
2314 2485 0.000322131
2484 2315 -0.000322131
2494 2315 -0.00036805
2314 2495 0.00036805
2676 2495 0.000358808
2494 2677 -0.000358808
2678 2677 -0.000327676
2676 2679 0.000327676
2494 2679 0.000371097
2678 2495 -0.000371097
2492 2675 -0.000353226
2674 2493 0.000353226
2678 2493 -0.000324796
2492 2679 0.000324796
2674 2679 -0.000368564
2678 2675 0.000368564
2676 2671 -0.000356357
2670 2677 0.000356357
2420 2677 0.000324985
2676 2421 -0.000324985
2670 2421 0.000365535
2420 2671 -0.000365535
2422 2317 -0.000378042
2316 2423 0.000378042
2420 2423 0.000333358
2422 2421 -0.000333358
2316 2421 0.000378038
2420 2317 -0.000378038
2318 2317 0.000381436
2316 2319 -0.000381436
2320 2319 -0.00033937
2318 2321 0.00033937
2316 2321 0.000381431
2320 2317 -0.000381431
2322 2065 -0.000375392
2064 2323 0.000375392
2320 2323 0.000336351
2322 2321 -0.000336351
2064 2321 0.000378756
2320 2065 -0.000378756
2318 2067 0.00037876
2066 2319 -0.00037876
2314 2319 -0.000336351
2318 2315 0.000336351
2066 2315 0.000375386
2314 2067 -0.000375386
2050 2069 0.000365061
2068 2051 -0.000365061
2024 2051 -0.000311286
2050 2025 0.000311286
2068 2025 0.000365061
2024 2069 -0.000365061
2070 2069 0.000368227
2068 2071 -0.000368227
2072 2071 -0.000316706
2070 2073 0.000316706
2068 2073 0.000368223
2072 2069 -0.000368223
2058 2067 -0.000362748
2066 2059 0.000362748
2072 2059 -0.000313982
2058 2073 0.000313982
2066 2073 -0.000365889
2072 2067 0.000365889
2070 2065 -0.000365895
2064 2071 0.000365895
2026 2071 -0.000313983
2070 2027 0.000313983
2064 2027 -0.000362744
2026 2065 0.000362744
2322 2325 0.000368052
2324 2323 -0.000368052
2240 2323 -0.00032213
2322 2241 0.00032213
2324 2241 0.00035565
2240 2325 -0.00035565
2424 2325 0.000371097
2324 2425 -0.000371097
2426 2425 -0.000327675
2424 2427 0.000327675
2324 2427 0.000358804
2426 2325 -0.000358804
2422 2419 -0.00036554
2418 2423 0.00036554
2426 2423 -0.000324986
2422 2427 0.000324986
2418 2427 -0.000356355
2426 2419 0.000356355
2424 2415 -0.000368564
2414 2425 0.000368564
2328 2425 -0.000324795
2424 2329 0.000324795
2414 2329 -0.000353222
2328 2415 0.000353222
2522 2501 -0.000723133
2500 2523 0.000723133
2552 2523 0.000600727
2522 2553 -0.000600727
2500 2553 0.00139554
2552 2501 -0.00139554
2526 2553 -0.000600732
2552 2527 0.000600732
2554 2527 0.000621068
2526 2555 -0.000621068
2552 2555 0.00119856
2554 2553 -0.00119856
2808 2813 -0.000324982
2812 2809 0.000324982
2810 2809 -0.000365537
2808 2811 0.000365537
2812 2811 -0.000356352
2810 2813 0.000356352
2814 2813 0.000327673
2812 2815 -0.000327673
2816 2815 -0.000371099
2814 2817 0.000371099
2812 2817 0.000358803
2816 2813 -0.000358803
2818 2821 -0.000322121
2820 2819 0.000322121
2816 2819 0.000368048
2818 2817 -0.000368048
2820 2817 0.000355648
2816 2821 -0.000355648
2814 2825 0.000324794
2824 2815 -0.000324794
2822 2815 0.000368566
2814 2823 -0.000368566
2824 2823 -0.000353222
2822 2825 0.000353222
2818 2829 0.000336341
2828 2819 -0.000336341
2826 2819 0.000375385
2818 2827 -0.000375385
2828 2827 -0.00037875
2826 2829 0.00037875
2830 2829 0.000339359
2828 2831 -0.000339359
2832 2831 -0.000381429
2830 2833 0.000381429
2828 2833 0.000381426
2832 2829 -0.000381426
2808 2835 0.000333354
2834 2809 -0.000333354
2832 2809 -0.00037804
2808 2833 0.00037804
2834 2833 0.000378036
2832 2835 -0.000378036
2830 2839 0.000336343
2838 2831 -0.000336343
2836 2831 0.000378755
2830 2837 -0.000378755
2838 2837 -0.000375386
2836 2839 0.000375386
2806 2843 0.000324792
2842 2807 -0.000324792
2840 2807 0.000353222
2806 2841 -0.000353222
2842 2841 -0.000368563
2840 2843 0.000368563
2844 2843 0.000327674
2842 2845 -0.000327674
2846 2845 -0.000358808
2844 2847 0.000358808
2842 2847 0.000371098
2846 2843 -0.000371098
2804 2839 -0.000322124
2838 2805 0.000322124
2846 2805 -0.000355653
2804 2847 0.000355653
2838 2847 -0.000368048
2846 2839 0.000368048
2844 2835 -0.000324982
2834 2845 0.000324982
2848 2845 0.000356356
2844 2849 -0.000356356
2834 2849 0.000365533
2848 2835 -0.000365533
2796 2851 0.000313979
2850 2797 -0.000313979
2836 2797 -0.000362747
2796 2837 0.000362747
2850 2837 0.00036589
2836 2851 -0.00036589
2852 2851 0.000316701
2850 2853 -0.000316701
2854 2853 -0.000368222
2852 2855 0.000368222
2850 2855 0.00036822
2854 2851 -0.00036822
2792 2857 0.000311282
2856 2793 -0.000311282
2854 2793 -0.000365057
2792 2855 0.000365057
2856 2855 0.000365056
2854 2857 -0.000365056
2852 2859 0.000313978
2858 2853 -0.000313978
2826 2853 -0.00036589
2852 2827 0.00036589
2858 2827 0.000362743
2826 2859 -0.000362743
2848 2763 -0.000829951
2762 2849 0.000829951
2860 2849 0.00071369
2848 2861 -0.00071369
2762 2861 0.00147778
2860 2763 -0.00147778
2840 2861 -0.000713692
2860 2841 0.000713692
2780 2841 -0.000799168
2840 2781 0.000799168
2860 2781 -0.00142297
2780 2861 0.00142297
2822 2769 -0.000799173
2768 2823 0.000799173
2862 2823 0.000713695
2822 2863 -0.000713695
2768 2863 0.00142298
2862 2769 -0.00142298
2810 2863 -0.000713693
2862 2811 0.000713693
2760 2811 -0.00082995
2810 2761 0.00082995
2862 2761 -0.00147778
2760 2863 0.00147778
2710 2935 0.000642698
2934 2711 -0.000642698
2940 2711 -0.000603921
2710 2941 0.000603921
2934 2941 0.00116437
2940 2935 -0.00116437
2712 2941 0.000603927
2940 2713 -0.000603927
2942 2713 -0.00072881
2712 2943 0.00072881
2940 2943 0.00132037
2942 2941 -0.00132037
2710 2715 0.000336338
2714 2711 -0.000336338
2556 2711 0.000375377
2710 2557 -0.000375377
2714 2557 -0.000378746
2556 2715 0.000378746
2716 2715 0.000339355
2714 2717 -0.000339355
2718 2717 -0.000381421
2716 2719 0.000381421
2714 2719 0.000381422
2718 2715 -0.000381422
2712 2721 0.000333354
2720 2713 -0.000333354
2718 2713 -0.000378034
2712 2719 0.000378034
2720 2719 0.000378034
2718 2721 -0.000378034
2716 2723 0.00033634
2722 2717 -0.00033634
2558 2717 0.000378748
2716 2559 -0.000378748
2722 2559 -0.000375384
2558 2723 0.000375384
2708 2727 0.000324787
2726 2709 -0.000324787
2724 2709 0.000353217
2708 2725 -0.000353217
2726 2725 -0.00036856
2724 2727 0.00036856
2728 2727 0.00032767
2726 2729 -0.00032767
2730 2729 -0.000358802
2728 2731 0.000358802
2726 2731 0.000371095
2730 2727 -0.000371095
2706 2723 -0.000322122
2722 2707 0.000322122
2730 2707 -0.000355648
2706 2731 0.000355648
2722 2731 -0.000368048
2730 2723 0.000368048
2728 2721 -0.00032498
2720 2729 0.00032498
2732 2729 0.00035635
2728 2733 -0.00035635
2720 2733 0.000365533
2732 2721 -0.000365533
2550 2561 0.000313976
2560 2551 -0.000313976
2558 2551 -0.000362741
2550 2559 0.000362741
2560 2559 0.000365888
2558 2561 -0.000365888
2562 2561 0.000316698
2560 2563 -0.000316698
2564 2563 -0.000368215
2562 2565 0.000368215
2560 2565 0.000368217
2564 2561 -0.000368217
2546 2567 0.000311278
2566 2547 -0.000311278
2564 2547 -0.000365051
2546 2565 0.000365051
2566 2565 0.000365052
2564 2567 -0.000365052
2562 2569 0.000313974
2568 2563 -0.000313974
2556 2563 -0.000365883
2562 2557 0.000365883
2568 2557 0.000362737
2556 2569 -0.000362737
2734 2737 -0.000420447
2736 2735 0.000420447
2732 2735 0.000416356
2734 2733 -0.000416356
2736 2733 0.000404756
2732 2737 -0.000404756
2738 2737 0.000424271
2736 2739 -0.000424271
2740 2739 -0.000424269
2738 2741 0.000424269
2736 2741 0.00040873
2740 2737 -0.00040873
2742 2745 -0.000416355
2744 2743 0.000416355
2740 2743 0.000420442
2742 2741 -0.000420442
2744 2741 0.000404754
2740 2745 -0.000404754
2738 2747 0.000420145
2746 2739 -0.000420145
2724 2739 -0.000420145
2738 2725 0.000420145
2746 2725 0.000400821
2724 2747 -0.000400821
2742 2947 0.000436861
2946 2743 -0.000436861
2944 2743 0.000432497
2742 2945 -0.000432497
2946 2945 -0.000436866
2944 2947 0.000436866
2948 2947 0.00044127
2946 2949 -0.00044127
2950 2949 -0.000441268
2948 2951 0.000441268
2946 2951 0.000441273
2950 2947 -0.000441273
2734 2953 0.000432496
2952 2735 -0.000432496
2950 2735 -0.000436862
2734 2951 0.000436862
2952 2951 0.000436861
2950 2953 -0.000436861
2948 2957 0.000436862
2956 2949 -0.000436862
2954 2949 0.000436858
2948 2955 -0.000436858
2956 2955 -0.000432499
2954 2957 0.000432499
2952 2943 -0.000830143
2942 2953 0.000830143
2958 2953 0.000713333
2952 2959 -0.000713333
2942 2959 0.00136919
2958 2943 -0.00136919
2956 2959 -0.000713339
2958 2957 0.000713339
2918 2957 -0.000830149
2956 2919 0.000830149
2958 2919 -0.00136919
2918 2959 0.00136919
2960 2963 -0.000404751
2962 2961 0.000404751
2954 2961 0.000416353
2960 2955 -0.000416353
2962 2955 0.000420444
2954 2963 -0.000420444
2964 2963 0.000408731
2962 2965 -0.000408731
2966 2965 -0.000424274
2964 2967 0.000424274
2962 2967 0.000424273
2966 2963 -0.000424273
2968 2865 -0.000400818
2864 2969 0.000400818
2966 2969 0.000420146
2968 2967 -0.000420146
2864 2967 0.000420147
2966 2865 -0.000420147
2964 2867 0.000404756
2866 2965 -0.000404756
2944 2965 -0.000420449
2964 2945 0.000420449
2866 2945 0.000416359
2944 2867 -0.000416359
2960 2915 -0.000729177
2914 2961 0.000729177
2970 2961 0.000598275
2960 2971 -0.000598275
2914 2971 0.00108841
2970 2915 -0.00108841
2968 2971 -0.000598278
2970 2969 0.000598278
2906 2969 -0.000704741
2968 2907 0.000704741
2970 2907 -0.00105193
2906 2971 0.00105193
2868 2871 -0.000368042
2870 2869 0.000368042
2820 2869 0.00032212
2868 2821 -0.00032212
2870 2821 0.000355644
2820 2871 -0.000355644
2872 2871 0.000371088
2870 2873 -0.000371088
2874 2873 -0.000327666
2872 2875 0.000327666
2870 2875 0.000358798
2874 2871 -0.000358798
2876 2867 0.000365532
2866 2877 -0.000365532
2874 2877 0.000324978
2876 2875 -0.000324978
2866 2875 -0.00035635
2874 2867 0.00035635
2872 2865 -0.000368556
2864 2873 0.000368556
2824 2873 -0.000324787
2872 2825 0.000324787
2864 2825 -0.000353219
2824 2865 0.000353219
2876 2879 0.000378032
2878 2877 -0.000378032
2748 2877 0.000333352
2876 2749 -0.000333352
2878 2749 -0.000378032
2748 2879 0.000378032
2880 2879 0.00038142
2878 2881 -0.00038142
2882 2881 -0.000339356
2880 2883 0.000339356
2878 2883 0.000381422
2882 2879 -0.000381422
2868 2885 0.000375382
2884 2869 -0.000375382
2882 2869 -0.00033634
2868 2883 0.00033634
2884 2883 0.00037875
2882 2885 -0.00037875
2880 2887 0.000378748
2886 2881 -0.000378748
2750 2881 0.000336341
2880 2751 -0.000336341
2886 2751 -0.000375385
2750 2887 0.000375385
2634 2889 0.000365058
2888 2635 -0.000365058
2856 2635 -0.000311282
2634 2857 0.000311282
2888 2857 0.000365056
2856 2889 -0.000365056
2890 2889 0.00036822
2888 2891 -0.00036822
2892 2891 -0.0003167
2890 2893 0.0003167
2888 2893 0.000368221
2892 2889 -0.000368221
2632 2887 -0.000362739
2886 2633 0.000362739
2892 2633 -0.000313975
2632 2893 0.000313975
2886 2893 -0.000365888
2892 2887 0.000365888
2890 2885 -0.000365887
2884 2891 0.000365887
2858 2891 -0.000313977
2890 2859 0.000313977
2884 2859 -0.000362741
2858 2885 0.000362741
2604 2753 0.000355648
2752 2605 -0.000355648
2750 2605 -0.000322123
2604 2751 0.000322123
2752 2751 0.000368049
2750 2753 -0.000368049
2754 2753 0.000358805
2752 2755 -0.000358805
2756 2755 -0.000327673
2754 2757 0.000327673
2752 2757 0.000371097
2756 2753 -0.000371097
2600 2747 -0.000353219
2746 2601 0.000353219
2756 2601 -0.000324791
2600 2757 0.000324791
2746 2757 -0.000368561
2756 2747 0.000368561
2754 2745 -0.000356353
2744 2755 0.000356353
2748 2755 -0.000324981
2754 2749 0.000324981
2744 2749 -0.000365532
2748 2745 0.000365532
2566 2555 -0.00062106
2554 2567 0.00062106
2570 2567 0.000600723
2566 2571 -0.000600723
2554 2571 0.00119856
2570 2555 -0.00119856
2568 2571 -0.00060072
2570 2569 0.00060072
2508 2569 -0.000723119
2568 2509 0.000723119
2570 2509 -0.00139552
2508 2571 0.00139552
