1.5 (6.76961e-19,6.69803e-24) (-3.38324e-19,3.72764e-24)
1.75 (7.89873e-19,1.20793e-23) (-3.94685e-19,6.4223e-24)
2 (9.02827e-19,2.03369e-23) (-4.51037e-19,1.05528e-23)
2.25 (1.01583e-18,3.23465e-23) (-5.07377e-19,1.65573e-23)
2.5 (1.12889e-18,4.9101e-23) (-5.63705e-19,2.49319e-23)
2.75 (1.242e-18,7.17097e-23) (-6.20019e-19,3.62305e-23)
3 (1.35519e-18,1.01398e-22) (-6.76317e-19,5.10649e-23)
3.25 (1.46844e-18,1.39509e-22) (-7.32598e-19,7.01045e-23)
3.5 (1.58177e-18,1.875e-22) (-7.88861e-19,9.40764e-23)
3.75 (1.69519e-18,2.46945e-22) (-8.45104e-19,1.23765e-22)
4 (1.80869e-18,3.19535e-22) (-9.01326e-19,1.60011e-22)
4.25 (1.92229e-18,4.07073e-22) (-9.57526e-19,2.03715e-22)
4.5 (2.03598e-18,5.11481e-22) (-1.0137e-18,2.5583e-22)
