1.5 (3.03949e-18,3.82432e-20) (-1.51751e-18,-1.92134e-20)
1.75 (3.78055e-18,1.02615e-19) (-1.88733e-18,-5.13935e-20)
2 (4.75985e-18,3.319e-19) (-2.37599e-18,-1.65946e-19)
2.25 (5.9934e-18,1.27693e-18) (-2.99138e-18,-6.37849e-19)
2.5 (5.66471e-18,3.26187e-18) (-2.82669e-18,-1.6287e-18)
2.75 (4.59376e-18,2.95144e-18) (-2.29161e-18,-1.47385e-18)
3 (5.01226e-18,2.53531e-18) (-2.4994e-18,-1.26654e-18)
3.25 (5.6537e-18,2.7807e-18) (-2.81775e-18,-1.38885e-18)
3.5 (5.97365e-18,3.33721e-18) (-2.97579e-18,-1.66572e-18)
3.75 (6.02667e-18,3.72586e-18) (-3.0009e-18,-1.85881e-18)
4 (6.17983e-18,3.92112e-18) (-3.0757e-18,-1.95558e-18)
4.25 (6.51564e-18,4.15603e-18) (-3.24103e-18,-2.07199e-18)
4.5 (6.94762e-18,4.56036e-18) (-3.45368e-18,-2.27234e-18)
